>MNX1.H11FULL
0.306	0.491	0.083	0.12
0.111	0.222	0.259	0.407
0.556	0.074	0.111	0.259
0.13	0.167	0.093	0.611
0.0	0.0	0.074	0.926
0.111	0.259	0.037	0.593
0.333	0.074	0.222	0.37
0.444	0.333	0.0	0.222
0.37	0.148	0.148	0.333
0.222	0.074	0.111	0.593
0.37	0.296	0.074	0.259
0.593	0.074	0.0	0.333
0.037	0.852	0.074	0.037
0.074	0.444	0.074	0.407
0.259	0.481	0.0	0.259
0.009	0.306	0.157	0.528
0.157	0.194	0.157	0.491
0.352	0.204	0.13	0.315
0.37	0.185	0.148	0.296
