>NR3C1.H11FULL
0.47	0.046	0.354	0.13
0.092	0.01	0.838	0.06
0.444	0.156	0.218	0.182
0.898	0.026	0.028	0.048
0.012	0.948	0.026	0.014
0.762	0.028	0.09	0.12
0.158	0.298	0.352	0.192
0.632	0.368	0.0	0.0
0.402	0.284	0.218	0.096
0.18	0.054	0.036	0.73
0.014	0.022	0.954	0.01
0.052	0.038	0.024	0.886
0.19	0.266	0.182	0.362
0.062	0.848	0.006	0.084
0.176	0.352	0.026	0.446
