>WT1.H11FULL
0.312	0.102	0.514	0.072
0.21	0.16	0.56	0.07
0.088	0.112	0.762	0.038
0.274	0.304	0.276	0.146
0.098	0.084	0.804	0.014
0.29	0.052	0.596	0.062
0.252	0.026	0.714	0.008
0.006	0.026	0.956	0.012
0.012	0.016	0.972	0.0
0.826	0.148	0.004	0.022
0.012	0.008	0.97	0.01
0.036	0.012	0.908	0.044
0.476	0.1	0.386	0.038
0.238	0.036	0.714	0.012
0.242	0.186	0.516	0.056
0.306	0.214	0.388	0.092
0.12	0.068	0.752	0.06
0.194	0.094	0.674	0.038
0.37	0.108	0.472	0.05
0.214	0.08	0.68	0.026
