>ZNF528.H11FULL
0.205	0.472	0.162	0.162
0.205	0.439	0.178	0.178
0.278	0.456	0.154	0.113
0.714	0.054	0.175	0.057
0.167	0.027	0.73	0.075
0.046	0.003	0.949	0.003
0.059	0.003	0.938	0.0
0.973	0.013	0.008	0.005
0.914	0.013	0.065	0.008
0.003	0.005	0.97	0.022
0.046	0.536	0.078	0.34
0.146	0.836	0.008	0.011
0.887	0.027	0.065	0.022
0.022	0.146	0.022	0.811
0.022	0.129	0.022	0.827
0.005	0.151	0.146	0.698
0.011	0.951	0.005	0.032
0.035	0.175	0.016	0.774
0.092	0.272	0.466	0.17
0.531	0.132	0.164	0.173
