>AR.H11FULL
0.148	0.07	0.036	0.745
0.062	0.048	0.778	0.112
0.068	0.066	0.014	0.852
0.188	0.172	0.144	0.495
0.078	0.733	0.036	0.152
0.122	0.279	0.032	0.567
0.18	0.134	0.196	0.489
0.198	0.178	0.216	0.407
0.176	0.192	0.222	0.409
0.2	0.257	0.12	0.423
0.072	0.014	0.014	0.9
0.255	0.03	0.691	0.024
0.028	0.022	0.02	0.93
0.018	0.006	0.098	0.878
0.008	0.008	0.064	0.92
0.421	0.028	0.495	0.056
0.086	0.525	0.048	0.341
0.291	0.158	0.054	0.497
