>FEZF1.H11FULL
0.306	0.122	0.362	0.21
0.132	0.486	0.074	0.308
0.07	0.032	0.022	0.876
0.012	0.02	0.95	0.018
0.014	0.556	0.102	0.328
0.026	0.434	0.052	0.488
0.062	0.726	0.026	0.186
0.24	0.06	0.014	0.686
0.006	0.134	0.05	0.81
0.02	0.01	0.018	0.952
0.044	0.116	0.07	0.77
0.172	0.332	0.158	0.338
