>NR1H4.H11FULL
0.271	0.195	0.439	0.095
0.481	0.016	0.492	0.011
0.073	0.009	0.856	0.062
0.102	0.035	0.741	0.122
0.024	0.122	0.333	0.521
0.029	0.729	0.146	0.095
0.756	0.06	0.177	0.007
0.37	0.237	0.295	0.098
0.064	0.18	0.104	0.652
0.067	0.033	0.891	0.009
0.483	0.095	0.322	0.1
0.071	0.847	0.058	0.024
0.08	0.805	0.011	0.104
0.078	0.357	0.279	0.286
0.171	0.421	0.235	0.173
0.12	0.22	0.475	0.186
0.319	0.29	0.306	0.084
0.071	0.007	0.809	0.113
0.073	0.064	0.772	0.091
