>POU3F2.H11FULL
0.046	0.357	0.103	0.494
0.149	0.363	0.058	0.429
0.014	0.935	0.022	0.028
0.829	0.103	0.004	0.065
0.012	0.006	0.024	0.958
0.04	0.036	0.661	0.262
0.276	0.671	0.034	0.018
0.649	0.226	0.097	0.028
0.25	0.032	0.032	0.685
0.482	0.058	0.05	0.409
0.3	0.018	0.014	0.667
0.034	0.266	0.181	0.518
0.016	0.665	0.131	0.188
0.653	0.288	0.024	0.034
0.296	0.032	0.067	0.605
0.141	0.133	0.175	0.55
0.224	0.429	0.212	0.135
