>RARG.H11FULL
0.576	0.018	0.388	0.018
0.176	0.006	0.756	0.062
0.14	0.006	0.846	0.008
0.064	0.01	0.134	0.792
0.014	0.888	0.036	0.062
0.92	0.012	0.052	0.016
0.186	0.33	0.376	0.108
0.43	0.292	0.242	0.036
0.298	0.186	0.44	0.076
0.206	0.126	0.108	0.56
0.094	0.166	0.686	0.054
0.408	0.22	0.23	0.142
0.228	0.616	0.096	0.06
0.296	0.592	0.042	0.07
0.14	0.226	0.146	0.488
0.178	0.164	0.456	0.202
0.27	0.112	0.48	0.138
0.312	0.234	0.34	0.114
