>TBX21.H11FULL
0.215	0.202	0.439	0.144
0.215	0.115	0.316	0.354
0.128	0.186	0.573	0.113
0.33	0.109	0.334	0.227
0.492	0.053	0.322	0.134
0.19	0.008	0.7	0.101
0.057	0.298	0.601	0.045
0.049	0.008	0.008	0.935
0.002	0.002	0.968	0.028
0.148	0.126	0.121	0.605
0.043	0.164	0.613	0.18
0.601	0.018	0.318	0.063
0.377	0.19	0.259	0.174
