>THRA.H11FULL
0.393	0.07	0.423	0.114
0.099	0.077	0.703	0.122
0.105	0.071	0.646	0.179
0.182	0.125	0.12	0.573
0.136	0.545	0.256	0.063
0.587	0.074	0.18	0.159
0.148	0.35	0.203	0.299
0.188	0.24	0.146	0.425
0.099	0.22	0.109	0.572
0.222	0.448	0.271	0.059
0.843	0.0	0.106	0.051
0.014	0.079	0.847	0.06
0.0	0.125	0.783	0.092
0.28	0.029	0.092	0.598
0.043	0.689	0.206	0.062
0.74	0.136	0.08	0.045
0.128	0.172	0.45	0.251
