>ZNF281.H11FULL
0.23	0.178	0.459	0.133
0.203	0.089	0.604	0.104
0.17	0.18	0.508	0.141
0.278	0.077	0.174	0.471
0.012	0.008	0.969	0.01
0.004	0.004	0.975	0.017
0.081	0.017	0.896	0.006
0.01	0.004	0.979	0.006
0.027	0.004	0.965	0.004
0.761	0.11	0.002	0.127
0.129	0.002	0.741	0.129
0.01	0.0	0.979	0.01
0.035	0.006	0.942	0.017
0.085	0.017	0.873	0.025
0.388	0.249	0.272	0.091
