>ZNF250.H11FULL
0.017	0.05	0.036	0.897
0.786	0.003	0.186	0.025
0.028	0.942	0.006	0.025
0.0	0.983	0.003	0.014
0.947	0.003	0.028	0.022
0.006	0.222	0.011	0.761
0.419	0.003	0.569	0.008
0.003	0.942	0.003	0.053
0.022	0.014	0.014	0.95
0.039	0.008	0.95	0.003
0.003	0.028	0.003	0.967
0.006	0.028	0.008	0.958
0.006	0.028	0.0	0.967
0.006	0.008	0.028	0.958
0.067	0.014	0.911	0.008
0.522	0.017	0.414	0.047
0.006	0.028	0.0	0.967
0.031	0.033	0.064	0.872
0.956	0.019	0.011	0.014
0.006	0.872	0.028	0.094
