>MEOX1.H11FULL
0.221	0.156	0.467	0.156
0.176	0.193	0.422	0.209
0.012	0.029	0.012	0.947
0.898	0.061	0.012	0.029
1.0	0.0	0.0	0.0
0.0	0.0	0.0	1.0
0.0	0.0	0.049	0.951
0.984	0.0	0.016	0.0
0.115	0.246	0.525	0.115
0.033	0.41	0.344	0.213
0.246	0.049	0.574	0.131
0.082	0.098	0.295	0.525
0.299	0.234	0.086	0.381
0.68	0.057	0.008	0.254
0.533	0.008	0.025	0.434
0.398	0.119	0.07	0.414
