>MXI1.H11FULL
0.229	0.302	0.394	0.075
0.004	0.968	0.026	0.002
0.965	0.002	0.03	0.004
0.022	0.891	0.066	0.021
0.173	0.066	0.752	0.009
0.067	0.094	0.042	0.797
0.008	0.0	0.986	0.006
0.061	0.172	0.595	0.172
0.119	0.392	0.371	0.118
0.198	0.24	0.285	0.277
0.034	0.232	0.566	0.169
0.119	0.392	0.32	0.169
0.139	0.305	0.363	0.193
0.163	0.217	0.452	0.167
0.179	0.307	0.413	0.101
