>RUNX2.H11FULL
0.172	0.076	0.316	0.436
0.092	0.13	0.522	0.256
0.114	0.13	0.292	0.464
0.122	0.398	0.176	0.304
0.068	0.01	0.016	0.906
0.008	0.016	0.924	0.052
0.034	0.028	0.026	0.912
0.002	0.0	0.998	0.0
0.002	0.004	0.974	0.02
0.018	0.146	0.112	0.724
0.032	0.138	0.16	0.67
0.176	0.026	0.192	0.606
0.114	0.11	0.388	0.388
0.098	0.13	0.38	0.392
