>SOX21.H11FULL
0.361	0.132	0.343	0.165
0.603	0.131	0.172	0.095
0.592	0.034	0.116	0.257
0.028	0.7	0.206	0.065
0.981	0.002	0.014	0.004
0.969	0.001	0.011	0.019
0.003	0.002	0.017	0.979
0.004	0.001	0.732	0.263
0.097	0.075	0.449	0.379
0.031	0.35	0.016	0.604
0.965	0.008	0.019	0.008
0.015	0.009	0.414	0.562
0.018	0.011	0.024	0.947
0.072	0.197	0.704	0.027
0.263	0.02	0.04	0.678
0.107	0.183	0.199	0.511
