>ZBTB7B.H11FULL
0.117	0.399	0.291	0.192
0.12	0.343	0.367	0.17
0.056	0.55	0.226	0.168
0.106	0.393	0.341	0.159
0.004	0.0	0.996	0.0
0.0	0.02	0.002	0.978
0.017	0.116	0.012	0.854
0.09	0.002	0.853	0.055
0.0	0.926	0.0	0.074
0.0	0.783	0.003	0.215
0.753	0.065	0.104	0.078
0.148	0.06	0.259	0.534
0.049	0.005	0.946	0.0
0.082	0.059	0.851	0.008
0.291	0.362	0.183	0.164
0.457	0.032	0.437	0.073
0.726	0.15	0.091	0.033
0.055	0.814	0.048	0.083
0.196	0.318	0.419	0.067
0.182	0.21	0.529	0.079
0.129	0.334	0.428	0.108
