>ZNF524.H11FULL
0.106	0.129	0.601	0.165
0.109	0.142	0.624	0.125
0.104	0.121	0.601	0.174
0.141	0.082	0.249	0.528
0.187	0.152	0.327	0.334
0.086	0.552	0.169	0.193
0.317	0.115	0.417	0.15
0.606	0.254	0.063	0.077
0.006	0.043	0.949	0.002
0.0	0.0	1.0	0.0
0.002	0.0	0.998	0.0
0.02	0.008	0.008	0.965
0.087	0.122	0.132	0.659
0.014	0.879	0.065	0.042
0.101	0.023	0.814	0.062
0.88	0.013	0.082	0.025
0.142	0.109	0.643	0.107
0.147	0.157	0.308	0.389
