>BATF3.H11FULL
0.172	0.354	0.206	0.268
0.484	0.056	0.244	0.216
0.03	0.39	0.502	0.078
0.03	0.016	0.014	0.94
0.046	0.064	0.008	0.882
0.042	0.16	0.042	0.756
0.018	0.856	0.02	0.106
0.502	0.178	0.12	0.2
0.21	0.182	0.218	0.39
0.23	0.042	0.064	0.664
0.482	0.198	0.056	0.264
0.008	0.0	0.01	0.982
0.012	0.024	0.81	0.154
0.864	0.006	0.042	0.088
0.1	0.462	0.318	0.12
0.252	0.12	0.146	0.482
0.242	0.386	0.186	0.186
