>SMARCA5.H11FULL
0.037	0.03	0.906	0.027
0.735	0.124	0.106	0.035
0.51	0.245	0.205	0.04
0.109	0.057	0.136	0.698
0.134	0.297	0.334	0.235
0.087	0.116	0.787	0.01
0.837	0.032	0.074	0.057
0.869	0.035	0.084	0.012
0.124	0.05	0.111	0.715
0.116	0.01	0.861	0.012
0.025	0.309	0.651	0.015
0.894	0.012	0.04	0.054
0.594	0.173	0.215	0.017
0.351	0.069	0.067	0.512
0.052	0.678	0.183	0.087
