>SREBF2.H11FULL
0.26	0.247	0.375	0.118
0.173	0.302	0.412	0.113
0.211	0.165	0.569	0.055
0.15	0.049	0.061	0.741
0.021	0.033	0.909	0.036
0.052	0.006	0.94	0.002
0.176	0.221	0.491	0.113
0.111	0.23	0.647	0.013
0.289	0.15	0.011	0.55
0.025	0.078	0.872	0.024
0.699	0.02	0.225	0.056
0.157	0.188	0.369	0.285
0.158	0.21	0.451	0.181
