>TBX15.H11FULL
0.101	0.126	0.604	0.17
0.07	0.071	0.715	0.143
0.07	0.076	0.739	0.115
0.089	0.098	0.642	0.172
0.118	0.117	0.579	0.186
0.104	0.086	0.68	0.129
0.072	0.063	0.748	0.116
0.084	0.069	0.716	0.13
0.147	0.1	0.59	0.163
0.212	0.116	0.478	0.195
0.147	0.041	0.751	0.061
0.006	0.006	0.984	0.004
0.019	0.015	0.958	0.007
0.168	0.204	0.049	0.579
0.012	0.008	0.97	0.01
0.01	0.01	0.879	0.101
0.024	0.042	0.863	0.07
0.253	0.147	0.387	0.214
0.237	0.128	0.451	0.184
