>TP53.H11FULL
0.368	0.084	0.358	0.189
0.183	0.039	0.667	0.111
0.523	0.047	0.379	0.051
0.006	0.905	0.021	0.068
0.687	0.058	0.033	0.222
0.216	0.006	0.047	0.73
0.006	0.002	0.977	0.014
0.049	0.516	0.008	0.426
0.109	0.673	0.035	0.183
0.023	0.821	0.084	0.072
0.722	0.111	0.039	0.128
0.167	0.043	0.751	0.039
0.63	0.006	0.34	0.025
0.0	0.99	0.008	0.002
0.792	0.043	0.006	0.158
0.119	0.051	0.031	0.798
0.041	0.019	0.932	0.008
0.06	0.469	0.031	0.44
0.117	0.626	0.039	0.218
0.097	0.531	0.066	0.307
