>ZNF418.H11FULL
0.052	0.012	0.042	0.894
0.038	0.016	0.914	0.032
0.216	0.544	0.018	0.222
0.026	0.056	0.008	0.91
0.002	0.05	0.022	0.926
0.032	0.442	0.058	0.468
0.058	0.286	0.022	0.634
0.582	0.018	0.356	0.044
0.018	0.034	0.634	0.314
0.01	0.67	0.024	0.296
0.01	0.556	0.002	0.432
0.22	0.12	0.14	0.52
0.18	0.646	0.118	0.056
0.156	0.228	0.012	0.604
0.08	0.102	0.286	0.532
0.206	0.376	0.238	0.18
0.128	0.47	0.164	0.238
