>ZNF768.H11FULL
0.2	0.137	0.568	0.094
0.672	0.087	0.179	0.061
0.252	0.014	0.667	0.066
0.132	0.035	0.809	0.024
0.118	0.771	0.031	0.08
0.274	0.241	0.005	0.481
0.014	0.972	0.012	0.002
0.983	0.005	0.0	0.012
0.007	0.014	0.979	0.0
0.958	0.014	0.024	0.005
0.028	0.017	0.953	0.002
0.958	0.017	0.019	0.007
0.066	0.038	0.87	0.026
0.035	0.019	0.92	0.026
0.009	0.075	0.285	0.63
0.092	0.175	0.177	0.557
0.601	0.13	0.226	0.042
0.724	0.024	0.196	0.057
0.045	0.064	0.835	0.057
0.12	0.229	0.158	0.493
