>BCL11A.H11FULL
0.376	0.185	0.286	0.153
0.551	0.099	0.224	0.126
0.5	0.142	0.231	0.127
0.59	0.017	0.226	0.167
0.187	0.161	0.58	0.071
0.665	0.015	0.269	0.051
0.104	0.014	0.829	0.053
0.2	0.033	0.759	0.008
0.88	0.043	0.049	0.028
0.868	0.006	0.056	0.071
0.248	0.226	0.502	0.023
0.15	0.155	0.032	0.663
0.118	0.072	0.76	0.049
0.659	0.064	0.251	0.026
0.459	0.143	0.31	0.088
0.623	0.079	0.157	0.141
0.359	0.205	0.318	0.118
