>HOXB2.H11FULL
0.231	0.181	0.169	0.419
0.538	0.176	0.233	0.052
0.067	0.013	0.893	0.027
0.927	0.02	0.015	0.039
0.907	0.017	0.01	0.067
0.145	0.402	0.188	0.264
0.345	0.24	0.321	0.093
0.055	0.014	0.014	0.917
0.021	0.005	0.033	0.94
0.0	1.0	0.0	0.0
0.0	0.126	0.121	0.752
0.839	0.06	0.093	0.008
0.008	0.001	0.991	0.001
0.946	0.024	0.008	0.022
0.48	0.165	0.163	0.192
