>IRX2.H11FULL
0.41	0.179	0.238	0.173
0.175	0.429	0.205	0.192
0.422	0.128	0.222	0.227
0.152	0.156	0.305	0.387
0.13	0.079	0.641	0.15
0.178	0.101	0.435	0.287
0.139	0.213	0.361	0.287
0.286	0.049	0.248	0.417
0.081	0.039	0.448	0.432
0.139	0.029	0.637	0.195
0.225	0.028	0.386	0.361
0.067	0.73	0.046	0.157
0.493	0.001	0.458	0.047
0.001	0.006	0.333	0.659
0.001	0.001	0.997	0.001
0.051	0.056	0.13	0.763
0.337	0.083	0.232	0.348
0.241	0.216	0.397	0.146
0.19	0.137	0.414	0.259
