>MAFF.H11FULL
0.057	0.07	0.082	0.791
0.021	0.095	0.765	0.118
0.055	0.884	0.03	0.032
0.085	0.061	0.006	0.848
0.027	0.112	0.744	0.116
0.772	0.051	0.044	0.133
0.059	0.41	0.433	0.097
0.085	0.089	0.059	0.767
0.091	0.662	0.042	0.205
0.672	0.057	0.123	0.148
0.066	0.093	0.626	0.216
0.04	0.78	0.112	0.068
0.59	0.11	0.121	0.18
0.178	0.235	0.224	0.364
0.235	0.137	0.123	0.505
0.165	0.178	0.047	0.611
0.099	0.254	0.078	0.569
0.131	0.205	0.133	0.531
