>NFYC.H11FULL
0.141	0.338	0.197	0.324
0.085	0.362	0.19	0.364
0.477	0.101	0.333	0.089
0.317	0.068	0.484	0.131
0.005	0.941	0.028	0.026
0.019	0.972	0.007	0.002
0.927	0.026	0.009	0.038
0.906	0.04	0.047	0.007
0.028	0.054	0.019	0.899
0.127	0.531	0.258	0.085
0.613	0.087	0.275	0.026
0.174	0.155	0.566	0.106
0.448	0.261	0.188	0.103
0.357	0.085	0.397	0.162
