>PITX3.H11FULL
0.225	0.161	0.414	0.199
0.196	0.115	0.519	0.17
0.197	0.089	0.546	0.169
0.246	0.031	0.539	0.184
0.291	0.034	0.392	0.283
0.523	0.094	0.01	0.374
0.221	0.046	0.031	0.702
0.266	0.132	0.07	0.532
0.599	0.147	0.138	0.116
0.481	0.094	0.237	0.188
0.217	0.119	0.548	0.115
0.075	0.007	0.899	0.019
0.008	0.002	0.963	0.027
0.886	0.107	0.002	0.006
0.0	0.0	0.0	1.0
0.005	0.008	0.001	0.986
0.964	0.001	0.003	0.032
0.375	0.102	0.357	0.166
