>POU3F3.H11FULL
0.379	0.162	0.159	0.3
0.309	0.115	0.108	0.468
0.463	0.053	0.075	0.41
0.696	0.04	0.072	0.191
0.482	0.054	0.048	0.416
0.204	0.041	0.078	0.678
0.247	0.059	0.048	0.647
0.916	0.027	0.036	0.02
0.027	0.063	0.106	0.804
0.008	0.018	0.708	0.266
0.109	0.61	0.068	0.212
0.565	0.011	0.064	0.36
0.548	0.07	0.052	0.331
0.657	0.05	0.081	0.212
0.259	0.061	0.059	0.621
0.233	0.109	0.149	0.509
0.335	0.138	0.138	0.388
