>PTF1A.H11FULL
0.152	0.446	0.362	0.04
0.014	0.954	0.012	0.02
0.94	0.01	0.006	0.044
0.006	0.044	0.766	0.184
0.076	0.868	0.022	0.034
0.014	0.004	0.002	0.98
0.01	0.016	0.934	0.04
0.02	0.444	0.274	0.262
0.056	0.424	0.12	0.4
0.148	0.314	0.238	0.3
0.082	0.41	0.25	0.258
0.134	0.414	0.14	0.312
0.146	0.232	0.226	0.396
0.054	0.346	0.136	0.464
0.072	0.404	0.07	0.454
0.064	0.602	0.132	0.202
0.242	0.44	0.066	0.252
0.18	0.484	0.176	0.16
