>SRF.H11FULL
0.13	0.206	0.092	0.573
0.122	0.191	0.107	0.58
0.145	0.153	0.397	0.305
0.031	0.924	0.015	0.031
0.0	0.939	0.008	0.053
0.321	0.076	0.031	0.573
0.13	0.053	0.031	0.786
0.603	0.023	0.046	0.328
0.0	0.008	0.008	0.985
0.527	0.046	0.0	0.427
0.191	0.023	0.008	0.779
0.053	0.023	0.924	0.0
0.038	0.008	0.954	0.0
0.107	0.214	0.344	0.336
0.16	0.588	0.153	0.099
0.489	0.076	0.092	0.344
0.168	0.153	0.214	0.466
0.313	0.115	0.321	0.252
