>TAL1.H11FULL
0.102	0.572	0.16	0.166
0.07	0.148	0.152	0.63
0.034	0.036	0.72	0.21
0.058	0.27	0.484	0.188
0.186	0.226	0.324	0.264
0.23	0.226	0.364	0.18
0.214	0.214	0.386	0.186
0.192	0.21	0.406	0.192
0.154	0.308	0.318	0.22
0.29	0.17	0.378	0.162
0.118	0.474	0.328	0.08
0.64	0.032	0.008	0.32
0.002	0.002	0.996	0.0
1.0	0.0	0.0	0.0
0.004	0.0	0.002	0.994
0.95	0.002	0.012	0.036
0.822	0.016	0.148	0.014
0.144	0.164	0.634	0.058
0.29	0.218	0.414	0.078
