>TBX20.H11FULL
0.369	0.126	0.291	0.214
0.277	0.096	0.485	0.142
0.03	0.265	0.615	0.09
0.064	0.104	0.022	0.81
0.028	0.012	0.956	0.004
0.236	0.363	0.136	0.265
0.044	0.012	0.06	0.884
0.028	0.006	0.962	0.004
0.93	0.042	0.026	0.002
0.126	0.784	0.07	0.02
0.936	0.002	0.018	0.044
0.14	0.02	0.745	0.094
0.108	0.337	0.461	0.094
0.295	0.238	0.134	0.333
