>ZNF322.H11FULL
0.12	0.099	0.716	0.065
0.473	0.086	0.166	0.275
0.086	0.054	0.735	0.125
0.159	0.641	0.045	0.155
0.045	0.903	0.013	0.039
0.069	0.095	0.041	0.796
0.295	0.045	0.624	0.037
0.088	0.344	0.469	0.099
0.092	0.133	0.103	0.671
0.753	0.146	0.039	0.062
0.006	0.985	0.006	0.002
0.443	0.075	0.166	0.316
0.013	0.363	0.6	0.024
0.447	0.088	0.095	0.37
0.03	0.015	0.903	0.052
0.049	0.826	0.047	0.077
0.09	0.757	0.039	0.114
0.105	0.088	0.153	0.654
0.08	0.127	0.682	0.112
0.275	0.181	0.402	0.142
