>ZNF554.H11FULL
0.24	0.094	0.6	0.066
0.06	0.824	0.006	0.11
0.344	0.114	0.154	0.388
0.044	0.064	0.846	0.046
0.686	0.01	0.284	0.02
0.142	0.038	0.816	0.004
0.016	0.57	0.046	0.368
0.0	0.986	0.0	0.014
0.778	0.06	0.09	0.072
0.174	0.272	0.24	0.314
0.178	0.202	0.432	0.188
0.12	0.16	0.168	0.552
0.414	0.04	0.436	0.11
0.14	0.118	0.702	0.04
0.218	0.098	0.376	0.308
0.138	0.12	0.456	0.286
0.16	0.124	0.274	0.442
0.382	0.106	0.424	0.088
0.126	0.654	0.09	0.13
0.184	0.154	0.144	0.518
