>ZNF549.H11FULL
0.579	0.06	0.062	0.298
0.135	0.118	0.19	0.556
0.054	0.135	0.067	0.744
0.045	0.735	0.015	0.207
0.957	0.011	0.013	0.021
0.072	0.034	0.236	0.656
0.059	0.182	0.617	0.143
0.623	0.124	0.177	0.077
0.723	0.033	0.181	0.065
0.104	0.336	0.034	0.524
0.188	0.238	0.034	0.538
0.182	0.003	0.784	0.03
0.025	0.013	0.951	0.013
0.15	0.074	0.764	0.01
0.054	0.924	0.007	0.015
0.841	0.021	0.052	0.087
0.026	0.073	0.885	0.017
0.018	0.84	0.098	0.044
0.626	0.194	0.058	0.122
0.14	0.454	0.154	0.252
