>ZNF502.H11FULL
0.076	0.028	0.889	0.007
0.938	0.042	0.007	0.014
0.917	0.014	0.028	0.042
0.028	0.062	0.007	0.903
0.021	0.0	0.972	0.007
0.035	0.049	0.91	0.007
0.958	0.0	0.014	0.028
0.771	0.215	0.014	0.0
0.062	0.035	0.0	0.903
0.021	0.479	0.438	0.062
0.076	0.028	0.861	0.035
0.917	0.014	0.007	0.062
0.924	0.007	0.062	0.007
0.014	0.076	0.014	0.896
0.111	0.0	0.882	0.007
0.014	0.014	0.965	0.007
0.958	0.007	0.0	0.035
0.979	0.0	0.014	0.007
0.028	0.021	0.042	0.91
0.042	0.639	0.285	0.035
