>GLIS1.H11FULL
0.186	0.184	0.119	0.511
0.108	0.631	0.094	0.167
0.06	0.042	0.851	0.048
0.044	0.191	0.042	0.723
0.031	0.027	0.907	0.035
0.031	0.031	0.913	0.025
0.013	0.013	0.925	0.049
0.037	0.019	0.911	0.033
0.014	0.018	0.949	0.018
0.018	0.018	0.945	0.02
0.02	0.014	0.043	0.923
0.302	0.56	0.087	0.05
0.21	0.108	0.314	0.368
