>MAFA.H11FULL
0.1	0.358	0.369	0.173
0.104	0.0	0.28	0.616
0.032	0.032	0.777	0.16
0.0	0.984	0.016	0.0
0.093	0.0	0.0	0.907
0.0	0.099	0.901	0.0
0.716	0.104	0.016	0.165
0.149	0.594	0.138	0.12
0.0	0.381	0.363	0.255
0.325	0.458	0.036	0.181
0.167	0.377	0.117	0.339
0.036	0.153	0.67	0.14
0.081	0.616	0.068	0.235
0.664	0.084	0.081	0.172
0.246	0.144	0.508	0.102
0.084	0.54	0.068	0.309
0.253	0.397	0.0	0.35
0.149	0.133	0.104	0.614
0.084	0.343	0.081	0.492
0.113	0.65	0.088	0.149
0.251	0.318	0.323	0.108
