>OLIG2.H11FULL
0.216	0.62	0.142	0.022
0.152	0.826	0.004	0.018
0.84	0.016	0.026	0.118
0.008	0.026	0.49	0.476
0.154	0.784	0.05	0.012
0.034	0.014	0.006	0.946
0.0	0.014	0.912	0.074
0.012	0.362	0.18	0.446
0.024	0.252	0.034	0.69
0.08	0.258	0.154	0.508
0.098	0.432	0.186	0.284
0.104	0.49	0.114	0.292
0.176	0.382	0.166	0.276
0.268	0.086	0.192	0.454
0.082	0.26	0.292	0.366
0.188	0.452	0.136	0.224
0.228	0.23	0.102	0.44
0.13	0.198	0.34	0.332
