>PGR.H11FULL
0.422	0.022	0.403	0.152
0.098	0.01	0.844	0.048
0.498	0.159	0.187	0.156
0.895	0.051	0.025	0.029
0.01	0.876	0.01	0.105
0.644	0.035	0.114	0.206
0.029	0.181	0.171	0.619
0.079	0.219	0.114	0.587
0.067	0.467	0.146	0.321
0.092	0.063	0.041	0.803
0.016	0.086	0.86	0.038
0.057	0.035	0.035	0.873
0.235	0.13	0.149	0.486
0.063	0.81	0.01	0.117
0.083	0.263	0.025	0.629
0.13	0.244	0.235	0.39
