>PPARA.H11FULL
0.492	0.216	0.126	0.166
0.534	0.024	0.088	0.354
0.082	0.422	0.368	0.128
0.062	0.116	0.152	0.67
0.444	0.03	0.468	0.058
0.094	0.002	0.838	0.066
0.148	0.012	0.802	0.038
0.122	0.182	0.388	0.308
0.102	0.518	0.262	0.118
0.924	0.018	0.054	0.004
0.652	0.042	0.256	0.05
0.812	0.0	0.188	0.0
0.132	0.004	0.828	0.036
0.058	0.008	0.804	0.13
0.04	0.118	0.252	0.59
0.074	0.614	0.152	0.16
0.724	0.082	0.098	0.096
