>SHOX.H11FULL
0.079	0.394	0.134	0.393
0.014	0.022	0.013	0.952
1.0	0.0	0.0	0.0
1.0	0.0	0.0	0.0
0.0	0.0	0.0	1.0
0.0	0.0	0.0	1.0
0.592	0.0	0.408	0.0
0.316	0.133	0.534	0.017
0.105	0.348	0.12	0.427
0.159	0.241	0.104	0.496
0.422	0.192	0.069	0.317
0.549	0.09	0.026	0.335
0.453	0.018	0.005	0.524
0.431	0.005	0.004	0.56
0.445	0.022	0.046	0.487
0.341	0.074	0.116	0.469
0.304	0.136	0.206	0.354
