>BCL6.H11FULL
0.16	0.256	0.19	0.394
0.172	0.126	0.414	0.288
0.144	0.638	0.138	0.08
0.094	0.224	0.016	0.666
0.038	0.19	0.112	0.66
0.016	0.042	0.026	0.916
0.006	0.83	0.02	0.144
0.024	0.434	0.094	0.448
0.97	0.014	0.016	0.0
0.172	0.002	0.772	0.054
0.026	0.07	0.84	0.064
0.836	0.044	0.084	0.036
0.82	0.054	0.074	0.052
