>GRHL1.H11FULL
0.662	0.06	0.092	0.186
0.576	0.012	0.142	0.27
0.012	0.954	0.03	0.004
0.014	0.83	0.004	0.152
0.326	0.016	0.184	0.474
0.004	0.046	0.894	0.056
0.008	0.166	0.046	0.78
0.024	0.228	0.042	0.706
0.054	0.354	0.032	0.56
0.074	0.196	0.198	0.532
0.228	0.188	0.238	0.346
0.044	0.792	0.052	0.112
