>IRF1.H11FULL
0.339	0.176	0.357	0.128
0.605	0.098	0.192	0.104
0.657	0.096	0.128	0.118
0.735	0.074	0.078	0.112
0.311	0.228	0.267	0.194
0.299	0.138	0.152	0.411
0.166	0.008	0.822	0.004
0.934	0.01	0.046	0.01
0.988	0.002	0.0	0.01
0.984	0.002	0.006	0.008
0.136	0.365	0.469	0.03
0.2	0.1	0.022	0.677
0.106	0.004	0.888	0.002
0.938	0.016	0.042	0.004
0.962	0.0	0.028	0.01
0.986	0.004	0.004	0.006
0.044	0.361	0.547	0.048
0.196	0.242	0.076	0.485
0.469	0.124	0.309	0.098
0.437	0.16	0.269	0.134
