>PAX1.H11FULL
0.178	0.283	0.155	0.383
0.085	0.491	0.299	0.126
0.036	0.035	0.886	0.043
0.067	0.048	0.029	0.855
0.006	0.821	0.001	0.172
0.919	0.075	0.003	0.003
0.002	0.861	0.003	0.134
0.004	0.003	0.99	0.003
0.005	0.777	0.215	0.003
0.372	0.017	0.003	0.609
0.004	0.091	0.004	0.902
0.005	0.318	0.65	0.027
0.818	0.001	0.176	0.004
0.184	0.315	0.284	0.217
0.017	0.064	0.011	0.907
0.092	0.028	0.698	0.182
0.377	0.319	0.233	0.071
