>POU5F1B.H11FULL
0.253	0.156	0.198	0.393
0.438	0.245	0.179	0.138
0.794	0.051	0.03	0.125
0.032	0.074	0.024	0.87
0.159	0.014	0.008	0.819
0.154	0.003	0.005	0.838
0.067	0.004	0.923	0.006
0.113	0.883	0.003	0.0
0.991	0.002	0.005	0.003
0.023	0.008	0.002	0.968
0.944	0.009	0.036	0.012
0.142	0.087	0.017	0.754
0.135	0.049	0.258	0.558
0.098	0.566	0.039	0.298
0.663	0.053	0.066	0.218
0.296	0.09	0.103	0.511
