>REL.H11FULL
0.309	0.084	0.258	0.348
0.275	0.169	0.483	0.073
0.421	0.14	0.118	0.32
0.483	0.039	0.303	0.174
0.14	0.006	0.815	0.039
0.011	0.0	0.983	0.006
0.084	0.0	0.904	0.011
0.618	0.017	0.348	0.017
0.916	0.006	0.062	0.017
0.702	0.028	0.096	0.174
0.084	0.135	0.163	0.618
0.011	0.213	0.331	0.444
0.197	0.685	0.045	0.073
0.101	0.758	0.112	0.028
0.663	0.112	0.101	0.124
