>TCF7.H11FULL
0.458	0.128	0.274	0.14
0.452	0.242	0.19	0.116
0.282	0.452	0.128	0.138
0.294	0.48	0.158	0.068
0.76	0.054	0.088	0.098
0.03	0.682	0.274	0.014
0.68	0.066	0.002	0.252
0.114	0.02	0.028	0.838
0.066	0.7	0.212	0.022
0.96	0.012	0.006	0.022
0.864	0.068	0.06	0.008
0.9	0.002	0.072	0.026
0.19	0.04	0.758	0.012
0.24	0.214	0.486	0.06
0.328	0.246	0.302	0.124
0.444	0.19	0.196	0.17
