>CTCFL.H11FULL
0.167	0.182	0.442	0.209
0.044	0.833	0.073	0.049
0.018	0.942	0.027	0.013
0.34	0.069	0.373	0.218
0.124	0.447	0.418	0.011
0.142	0.511	0.091	0.256
0.873	0.044	0.031	0.051
0.009	0.011	0.978	0.002
0.231	0.0	0.756	0.013
0.08	0.091	0.733	0.096
0.009	0.002	0.982	0.007
0.011	0.013	0.936	0.04
0.082	0.898	0.004	0.016
0.211	0.004	0.769	0.016
0.029	0.707	0.207	0.058
0.129	0.409	0.078	0.384
0.264	0.262	0.38	0.093
