>FLI1.H11FULL
0.209	0.227	0.441	0.123
0.316	0.149	0.433	0.103
0.447	0.087	0.374	0.093
0.201	0.054	0.654	0.091
0.3	0.036	0.636	0.028
0.423	0.388	0.183	0.006
0.915	0.034	0.04	0.01
0.004	0.004	0.982	0.01
0.002	0.012	0.986	0.0
0.938	0.018	0.044	0.0
0.958	0.002	0.026	0.014
0.147	0.028	0.823	0.002
0.135	0.171	0.501	0.193
0.41	0.125	0.402	0.062
0.394	0.076	0.475	0.054
0.302	0.121	0.509	0.068
0.241	0.151	0.529	0.078
0.388	0.131	0.364	0.117
