>HSF2.H11FULL
0.341	0.262	0.309	0.088
0.067	0.084	0.766	0.082
0.75	0.069	0.117	0.064
0.693	0.061	0.111	0.136
0.121	0.23	0.28	0.368
0.304	0.19	0.416	0.09
0.096	0.036	0.079	0.789
0.065	0.049	0.093	0.794
0.044	0.795	0.121	0.04
0.068	0.138	0.162	0.633
0.582	0.178	0.175	0.066
0.017	0.119	0.81	0.054
0.725	0.062	0.114	0.099
0.551	0.162	0.139	0.148
