>LEF1.H11FULL
0.077	0.261	0.274	0.388
0.033	0.636	0.184	0.147
0.018	0.708	0.013	0.261
0.123	0.046	0.02	0.811
0.002	0.138	0.035	0.825
0.002	0.013	0.033	0.952
0.044	0.425	0.52	0.011
0.456	0.138	0.015	0.39
0.279	0.167	0.158	0.397
0.285	0.191	0.202	0.322
0.042	0.129	0.149	0.68
0.039	0.311	0.384	0.265
0.116	0.461	0.09	0.333
0.314	0.221	0.103	0.362
