>POU2F1.H11FULL
0.634	0.112	0.157	0.097
0.433	0.172	0.172	0.224
0.075	0.045	0.299	0.582
0.082	0.366	0.336	0.216
0.299	0.134	0.47	0.097
0.493	0.164	0.037	0.306
0.948	0.037	0.007	0.007
0.037	0.015	0.007	0.94
0.06	0.0	0.94	0.0
0.015	0.463	0.425	0.097
0.918	0.022	0.03	0.03
0.821	0.037	0.127	0.015
0.537	0.067	0.052	0.343
0.119	0.396	0.06	0.425
0.604	0.142	0.172	0.082
0.463	0.082	0.075	0.381
