>TP63.H11FULL
0.292	0.074	0.418	0.216
0.41	0.016	0.484	0.09
0.0	0.984	0.004	0.012
0.758	0.09	0.096	0.056
0.372	0.014	0.154	0.46
0.002	0.002	0.994	0.002
0.082	0.45	0.01	0.458
0.134	0.528	0.108	0.23
0.02	0.788	0.142	0.05
0.558	0.184	0.038	0.22
0.202	0.042	0.644	0.112
0.416	0.006	0.48	0.098
0.002	0.994	0.004	0.0
0.526	0.172	0.014	0.288
0.092	0.096	0.128	0.684
0.022	0.01	0.962	0.006
0.06	0.52	0.022	0.398
0.21	0.432	0.09	0.268
0.134	0.4	0.2	0.266
