>ZBTB33.H11FULL
0.133	0.416	0.376	0.076
0.528	0.127	0.207	0.139
0.508	0.102	0.371	0.018
0.42	0.137	0.323	0.12
0.082	0.259	0.161	0.498
0.289	0.592	0.094	0.024
0.094	0.169	0.131	0.606
0.014	0.95	0.022	0.014
0.046	0.008	0.93	0.016
0.02	0.926	0.01	0.044
0.018	0.006	0.962	0.014
0.807	0.026	0.155	0.012
0.036	0.032	0.865	0.066
0.787	0.05	0.143	0.02
0.335	0.205	0.331	0.129
