>ZFP64.H11FULL
0.155	0.19	0.58	0.075
0.106	0.184	0.646	0.064
0.257	0.108	0.547	0.089
0.174	0.182	0.607	0.037
0.035	0.923	0.017	0.025
0.014	0.959	0.006	0.021
0.017	0.946	0.008	0.029
0.153	0.118	0.629	0.099
0.01	0.004	0.977	0.008
0.017	0.017	0.95	0.017
0.681	0.093	0.205	0.021
0.476	0.292	0.195	0.037
0.137	0.36	0.155	0.348
0.128	0.573	0.199	0.099
0.273	0.151	0.238	0.337
0.085	0.093	0.768	0.054
