>ZNF121.H11FULL
0.027	0.918	0.029	0.027
0.082	0.035	0.084	0.798
0.012	0.012	0.959	0.016
0.037	0.025	0.934	0.004
0.093	0.068	0.833	0.006
0.035	0.922	0.035	0.008
0.827	0.093	0.062	0.019
0.813	0.062	0.099	0.027
0.043	0.751	0.091	0.115
0.842	0.037	0.093	0.029
0.039	0.22	0.3	0.44
0.825	0.029	0.045	0.101
0.023	0.035	0.918	0.025
0.033	0.572	0.037	0.358
0.449	0.08	0.438	0.033
0.872	0.025	0.07	0.033
0.023	0.021	0.942	0.014
0.864	0.045	0.07	0.021
0.029	0.805	0.039	0.128
0.033	0.774	0.045	0.148
