>ZNF329.H11FULL
0.014	0.978	0.006	0.003
0.014	0.08	0.003	0.903
0.094	0.0	0.767	0.139
0.011	0.003	0.986	0.0
0.945	0.006	0.03	0.019
0.019	0.011	0.061	0.909
0.039	0.881	0.053	0.028
0.33	0.598	0.025	0.047
0.878	0.058	0.036	0.028
0.147	0.069	0.751	0.033
0.006	0.975	0.003	0.017
0.025	0.645	0.014	0.316
0.529	0.089	0.266	0.116
0.064	0.144	0.069	0.723
0.374	0.025	0.485	0.116
0.019	0.956	0.003	0.022
0.006	0.983	0.003	0.008
0.0	0.003	0.003	0.994
0.011	0.008	0.981	0.0
0.909	0.075	0.011	0.006
