>HNF4A.H11FULL
0.29	0.176	0.418	0.116
0.46	0.034	0.426	0.08
0.074	0.018	0.856	0.052
0.146	0.044	0.402	0.408
0.134	0.326	0.26	0.28
0.008	0.904	0.008	0.08
0.948	0.014	0.032	0.006
0.904	0.018	0.07	0.008
0.932	0.0	0.056	0.012
0.006	0.004	0.968	0.022
0.028	0.01	0.192	0.77
0.042	0.64	0.058	0.26
0.018	0.894	0.01	0.078
0.764	0.07	0.084	0.082
