>MECOM.H11FULL
0.419	0.153	0.189	0.239
0.636	0.037	0.084	0.243
0.021	0.029	0.907	0.042
0.973	0.006	0.006	0.015
0.041	0.456	0.006	0.497
0.952	0.006	0.018	0.024
0.918	0.0	0.016	0.066
0.031	0.006	0.963	0.001
0.967	0.0	0.0	0.033
0.0	0.125	0.005	0.87
0.901	0.032	0.0	0.067
0.772	0.009	0.157	0.062
0.211	0.183	0.352	0.253
0.744	0.092	0.076	0.088
0.129	0.156	0.308	0.406
0.49	0.119	0.158	0.232
