>MEF2B.H11FULL
0.254	0.118	0.414	0.214
0.194	0.11	0.252	0.444
0.204	0.036	0.272	0.488
0.168	0.104	0.374	0.354
0.048	0.772	0.04	0.14
0.002	0.088	0.002	0.908
0.862	0.026	0.032	0.08
0.106	0.02	0.006	0.868
0.076	0.006	0.004	0.914
0.036	0.048	0.014	0.902
0.134	0.118	0.048	0.7
0.17	0.056	0.14	0.634
0.472	0.0	0.488	0.04
0.122	0.052	0.696	0.13
