>POU4F1.H11FULL
0.24	0.523	0.09	0.147
0.849	0.048	0.051	0.052
0.021	0.02	0.019	0.94
0.223	0.07	0.057	0.649
0.949	0.002	0.006	0.043
0.947	0.007	0.004	0.042
0.094	0.005	0.005	0.896
0.317	0.004	0.002	0.677
0.996	0.0	0.0	0.004
0.011	0.0	0.001	0.988
0.003	0.001	0.285	0.712
0.127	0.654	0.029	0.191
0.879	0.036	0.04	0.045
0.137	0.129	0.13	0.604
