>RARA.H11FULL
0.261	0.124	0.551	0.064
0.21	0.112	0.551	0.126
0.371	0.056	0.465	0.108
0.285	0.092	0.433	0.19
0.168	0.208	0.555	0.068
0.395	0.094	0.357	0.154
0.102	0.156	0.244	0.497
0.11	0.507	0.261	0.122
0.443	0.23	0.192	0.134
0.429	0.068	0.355	0.148
0.367	0.05	0.549	0.034
0.812	0.006	0.168	0.014
0.042	0.0	0.95	0.008
0.02	0.01	0.509	0.461
0.016	0.046	0.066	0.872
0.002	0.938	0.04	0.02
0.984	0.0	0.004	0.012
0.563	0.108	0.257	0.072
0.178	0.052	0.699	0.07
0.112	0.086	0.737	0.064
