>STAT1.H11FULL
0.202	0.428	0.12	0.25
0.094	0.568	0.17	0.168
0.132	0.556	0.11	0.202
0.294	0.356	0.204	0.146
0.086	0.206	0.1	0.608
0.002	0.016	0.004	0.978
0.008	0.006	0.012	0.974
0.03	0.964	0.002	0.004
0.038	0.822	0.002	0.138
0.234	0.304	0.142	0.32
0.268	0.026	0.682	0.024
0.032	0.014	0.804	0.15
0.944	0.038	0.01	0.008
0.988	0.002	0.004	0.006
0.58	0.106	0.232	0.082
0.274	0.196	0.11	0.42
0.058	0.588	0.248	0.106
0.342	0.262	0.068	0.328
0.134	0.534	0.138	0.194
