>VSX1.H11FULL
0.027	0.032	0.018	0.923
0.959	0.014	0.015	0.012
0.97	0.009	0.011	0.009
0.007	0.009	0.012	0.972
0.005	0.007	0.014	0.974
0.769	0.014	0.21	0.007
0.252	0.142	0.578	0.028
0.16	0.567	0.118	0.155
0.216	0.276	0.111	0.397
0.407	0.171	0.08	0.341
0.45	0.12	0.076	0.354
0.35	0.103	0.069	0.479
0.416	0.096	0.06	0.428
0.397	0.09	0.105	0.408
