>ESR2.H11FULL
0.495	0.097	0.362	0.046
0.115	0.012	0.791	0.082
0.046	0.026	0.859	0.068
0.097	0.117	0.229	0.557
0.016	0.799	0.052	0.133
0.622	0.034	0.247	0.097
0.093	0.511	0.266	0.131
0.0	0.668	0.0	0.332
0.123	0.423	0.268	0.187
0.04	0.239	0.03	0.69
0.082	0.026	0.891	0.0
0.521	0.274	0.087	0.119
0.024	0.845	0.022	0.109
0.082	0.847	0.012	0.058
0.072	0.356	0.036	0.535
