>ESX1.H11FULL
0.234	0.208	0.427	0.131
0.127	0.395	0.192	0.286
0.023	0.05	0.021	0.906
0.994	0.001	0.003	0.002
1.0	0.0	0.0	0.0
0.0	0.0	0.003	0.997
0.0	0.007	0.003	0.99
0.582	0.0	0.418	0.0
0.247	0.221	0.498	0.034
0.078	0.53	0.115	0.278
0.294	0.26	0.215	0.23
0.38	0.193	0.076	0.351
0.44	0.061	0.038	0.46
0.539	0.035	0.021	0.405
0.49	0.02	0.016	0.474
0.282	0.058	0.067	0.593
0.32	0.12	0.155	0.405
