>KLF16.H11FULL
0.193	0.162	0.45	0.195
0.098	0.121	0.53	0.252
0.061	0.033	0.86	0.046
0.008	0.022	0.95	0.02
0.034	0.008	0.92	0.037
0.128	0.485	0.012	0.375
0.046	0.013	0.892	0.049
0.039	0.03	0.565	0.365
0.067	0.005	0.873	0.056
0.155	0.049	0.525	0.271
0.14	0.268	0.358	0.234
0.189	0.088	0.592	0.131
0.074	0.032	0.809	0.085
0.062	0.065	0.788	0.086
0.077	0.069	0.677	0.177
0.072	0.109	0.698	0.121
0.058	0.126	0.711	0.105
0.042	0.105	0.714	0.14
0.103	0.146	0.523	0.228
