>KLF3.H11FULL
0.213	0.189	0.472	0.127
0.227	0.223	0.462	0.088
0.259	0.205	0.424	0.112
0.245	0.187	0.496	0.072
0.327	0.247	0.315	0.11
0.345	0.044	0.359	0.251
0.034	0.0	0.966	0.0
0.006	0.0	0.992	0.002
0.004	0.008	0.986	0.002
0.086	0.643	0.0	0.271
0.008	0.006	0.982	0.004
0.004	0.026	0.725	0.245
0.185	0.018	0.755	0.042
0.076	0.01	0.843	0.07
0.084	0.618	0.149	0.149
0.183	0.382	0.163	0.273
0.131	0.205	0.496	0.169
0.092	0.243	0.53	0.135
0.161	0.219	0.482	0.139
