>KLF6.H11FULL
0.155	0.185	0.51	0.149
0.222	0.248	0.48	0.05
0.446	0.19	0.28	0.085
0.46	0.018	0.369	0.153
0.048	0.006	0.815	0.131
0.024	0.0	0.956	0.02
0.044	0.052	0.891	0.012
0.26	0.458	0.0	0.282
0.117	0.006	0.855	0.022
0.028	0.022	0.69	0.26
0.21	0.065	0.683	0.042
0.087	0.03	0.837	0.046
0.23	0.454	0.208	0.109
0.294	0.319	0.137	0.25
0.062	0.157	0.522	0.258
0.147	0.127	0.609	0.117
0.161	0.171	0.603	0.065
0.349	0.111	0.433	0.107
0.258	0.234	0.456	0.052
