>MGA.H11FULL
0.651	0.047	0.195	0.108
0.117	0.086	0.742	0.054
0.014	0.02	0.95	0.015
0.01	0.098	0.01	0.882
0.0	0.0	1.0	0.0
0.024	0.076	0.011	0.889
0.012	0.057	0.761	0.169
0.959	0.002	0.033	0.006
0.567	0.092	0.092	0.249
0.44	0.036	0.06	0.465
0.14	0.034	0.026	0.8
0.099	0.081	0.038	0.782
0.034	0.034	0.006	0.927
0.126	0.771	0.067	0.035
0.655	0.027	0.216	0.102
0.008	0.973	0.007	0.012
