>NANOG.H11FULL
0.128	0.259	0.281	0.333
0.044	0.487	0.178	0.291
0.088	0.511	0.07	0.331
0.307	0.044	0.06	0.589
0.012	0.06	0.042	0.886
0.068	0.008	0.038	0.886
0.11	0.248	0.589	0.052
0.377	0.042	0.036	0.545
0.23	0.261	0.192	0.317
0.808	0.034	0.04	0.118
0.068	0.014	0.03	0.888
0.026	0.018	0.812	0.144
0.028	0.635	0.116	0.22
0.681	0.032	0.016	0.271
0.663	0.05	0.24	0.046
0.806	0.048	0.068	0.078
0.14	0.15	0.2	0.509
