>RFX4.H11FULL
0.114	0.364	0.344	0.178
0.031	0.023	0.922	0.024
0.005	0.011	0.008	0.976
0.065	0.041	0.006	0.888
0.101	0.008	0.842	0.05
0.0	0.761	0.01	0.229
0.0	0.811	0.001	0.189
0.88	0.02	0.046	0.053
0.05	0.017	0.078	0.854
0.08	0.009	0.911	0.001
0.096	0.033	0.858	0.012
0.157	0.285	0.041	0.517
0.478	0.022	0.158	0.343
0.852	0.07	0.036	0.043
0.093	0.665	0.085	0.157
