>VENTX.H11FULL
0.148	0.407	0.182	0.262
0.238	0.267	0.397	0.099
0.065	0.535	0.046	0.354
0.009	0.026	0.007	0.958
0.951	0.034	0.002	0.013
0.966	0.029	0.001	0.004
0.002	0.02	0.003	0.976
0.007	0.385	0.149	0.46
0.29	0.039	0.624	0.047
0.107	0.343	0.374	0.177
0.102	0.261	0.046	0.592
0.159	0.246	0.094	0.501
0.232	0.287	0.103	0.378
0.205	0.372	0.083	0.34
0.265	0.323	0.053	0.359
0.465	0.151	0.113	0.271
0.548	0.06	0.044	0.348
0.209	0.075	0.072	0.644
0.24	0.132	0.146	0.482
