>ZFP28.H11FULL
0.101	0.189	0.06	0.65
0.012	0.01	0.002	0.976
0.002	0.871	0.0	0.127
0.089	0.161	0.022	0.729
0.638	0.072	0.209	0.082
0.01	0.106	0.002	0.882
0.012	0.079	0.012	0.897
0.002	0.024	0.002	0.971
0.007	0.902	0.012	0.079
0.103	0.189	0.002	0.705
0.034	0.024	0.005	0.938
0.007	0.806	0.014	0.173
0.12	0.096	0.034	0.751
0.062	0.05	0.264	0.624
0.175	0.05	0.64	0.134
0.362	0.022	0.158	0.458
0.084	0.043	0.787	0.086
0.048	0.041	0.053	0.859
0.084	0.679	0.156	0.082
0.861	0.031	0.034	0.074
