>CLOCK.H11FULL
0.159	0.599	0.179	0.063
0.425	0.115	0.19	0.27
0.202	0.147	0.512	0.139
0.337	0.321	0.167	0.175
0.095	0.849	0.044	0.012
0.81	0.063	0.044	0.083
0.155	0.607	0.127	0.111
0.254	0.056	0.643	0.048
0.095	0.119	0.044	0.742
0.087	0.024	0.861	0.028
0.401	0.313	0.179	0.107
0.369	0.242	0.282	0.107
0.222	0.389	0.29	0.099
0.492	0.298	0.024	0.187
