>DMBX1.H11FULL
0.172	0.276	0.138	0.414
0.422	0.284	0.112	0.181
0.431	0.293	0.155	0.121
0.207	0.138	0.103	0.552
0.414	0.034	0.034	0.517
0.517	0.034	0.034	0.414
0.31	0.103	0.034	0.552
0.552	0.172	0.034	0.241
0.586	0.103	0.034	0.276
0.138	0.31	0.172	0.379
0.103	0.621	0.034	0.241
0.0	0.448	0.069	0.483
0.759	0.034	0.138	0.069
0.897	0.034	0.069	0.0
0.0	0.034	0.0	0.966
0.0	0.0	0.0	1.0
1.0	0.0	0.0	0.0
0.621	0.138	0.138	0.103
0.095	0.233	0.336	0.336
0.241	0.103	0.241	0.414
