>EN1.H11FULL
0.304	0.248	0.329	0.119
0.098	0.559	0.102	0.241
0.002	0.028	0.003	0.967
0.99	0.002	0.007	0.0
0.998	0.001	0.001	0.0
0.0	0.0	0.0	1.0
0.0	0.013	0.018	0.968
0.555	0.0	0.445	0.0
0.124	0.414	0.392	0.07
0.094	0.463	0.145	0.298
0.225	0.423	0.131	0.221
0.512	0.243	0.071	0.174
0.484	0.105	0.034	0.376
0.316	0.054	0.012	0.619
0.466	0.052	0.01	0.472
0.544	0.017	0.057	0.381
0.343	0.095	0.132	0.43
