>MYBL1.H11FULL
0.352	0.198	0.332	0.118
0.096	0.188	0.586	0.13
0.15	0.252	0.158	0.44
0.134	0.034	0.792	0.04
0.162	0.016	0.766	0.056
0.012	0.97	0.014	0.004
0.432	0.274	0.284	0.01
0.0	0.004	0.99	0.006
0.0	0.012	0.004	0.984
0.002	0.002	0.004	0.992
0.336	0.032	0.538	0.094
0.184	0.318	0.458	0.04
0.372	0.224	0.254	0.15
0.208	0.182	0.522	0.088
0.338	0.214	0.33	0.118
