>RXRA.H11FULL
0.254	0.224	0.408	0.114
0.302	0.092	0.414	0.192
0.156	0.088	0.606	0.15
0.238	0.092	0.368	0.302
0.244	0.242	0.376	0.138
0.468	0.042	0.318	0.172
0.202	0.144	0.48	0.174
0.286	0.18	0.336	0.198
0.236	0.346	0.336	0.082
0.58	0.03	0.26	0.13
0.348	0.068	0.556	0.028
0.704	0.014	0.274	0.008
0.066	0.01	0.91	0.014
0.016	0.04	0.848	0.096
0.048	0.034	0.3	0.618
0.044	0.79	0.114	0.052
0.908	0.036	0.038	0.018
0.254	0.176	0.454	0.116
0.396	0.124	0.314	0.166
0.244	0.144	0.534	0.078
