>TBX4.H11FULL
0.432	0.109	0.272	0.187
0.876	0.033	0.051	0.04
0.071	0.066	0.83	0.033
0.016	0.017	0.952	0.015
0.025	0.074	0.025	0.875
0.024	0.022	0.931	0.022
0.079	0.101	0.029	0.791
0.047	0.159	0.618	0.176
0.863	0.029	0.076	0.032
0.428	0.176	0.156	0.24
0.575	0.085	0.085	0.255
0.348	0.092	0.077	0.482
0.249	0.221	0.218	0.312
0.123	0.222	0.073	0.583
0.31	0.371	0.247	0.072
0.617	0.135	0.132	0.116
0.111	0.785	0.056	0.048
0.648	0.146	0.144	0.062
0.067	0.764	0.083	0.085
0.114	0.482	0.165	0.239
