>ZNF394.H11FULL
0.298	0.253	0.284	0.165
0.375	0.146	0.455	0.025
0.843	0.011	0.025	0.121
0.567	0.036	0.314	0.083
0.292	0.063	0.157	0.488
0.317	0.0	0.537	0.146
0.154	0.201	0.601	0.044
0.694	0.209	0.019	0.077
0.631	0.168	0.08	0.121
0.292	0.047	0.212	0.449
0.314	0.231	0.278	0.176
0.171	0.193	0.493	0.143
0.631	0.11	0.044	0.215
0.504	0.275	0.061	0.16
0.399	0.014	0.074	0.512
0.182	0.028	0.642	0.149
0.256	0.069	0.49	0.185
0.771	0.061	0.127	0.041
0.758	0.025	0.14	0.077
0.127	0.105	0.331	0.438
