>ZNF667.H11FULL
0.138	0.168	0.56	0.134
0.234	0.108	0.172	0.486
0.098	0.068	0.626	0.208
0.078	0.332	0.49	0.1
0.044	0.834	0.058	0.064
0.146	0.462	0.046	0.346
0.062	0.122	0.132	0.684
0.084	0.238	0.18	0.498
0.54	0.314	0.046	0.1
0.678	0.108	0.116	0.098
0.458	0.106	0.422	0.014
0.764	0.054	0.052	0.13
0.066	0.054	0.8	0.08
0.068	0.788	0.054	0.09
0.04	0.194	0.036	0.73
0.046	0.694	0.144	0.116
0.466	0.3	0.062	0.172
0.094	0.324	0.34	0.242
0.1	0.72	0.08	0.1
