>FOXB1.H11FULL
0.219	0.163	0.423	0.196
0.089	0.144	0.226	0.541
0.354	0.384	0.161	0.101
0.803	0.055	0.056	0.085
0.724	0.082	0.03	0.163
0.003	0.003	0.016	0.977
0.647	0.001	0.35	0.002
0.013	0.001	0.009	0.977
0.013	0.0	0.027	0.96
0.003	0.001	0.279	0.717
0.96	0.0	0.038	0.001
0.003	0.897	0.011	0.089
0.775	0.014	0.033	0.177
0.031	0.144	0.03	0.795
0.718	0.017	0.044	0.222
0.574	0.063	0.256	0.107
0.124	0.357	0.327	0.192
