>HNF1A.H11FULL
0.32	0.046	0.4	0.234
0.146	0.034	0.72	0.1
0.046	0.066	0.114	0.774
0.128	0.102	0.09	0.68
0.914	0.004	0.048	0.034
0.792	0.138	0.018	0.052
0.21	0.01	0.028	0.752
0.0	0.0	0.586	0.414
0.726	0.01	0.048	0.216
0.08	0.024	0.064	0.832
0.024	0.066	0.012	0.898
0.724	0.04	0.072	0.164
0.774	0.08	0.082	0.064
0.108	0.722	0.036	0.134
0.216	0.34	0.032	0.412
