>HNF4G.H11FULL
0.282	0.254	0.354	0.11
0.456	0.032	0.398	0.114
0.072	0.018	0.848	0.062
0.182	0.07	0.326	0.422
0.15	0.308	0.278	0.264
0.008	0.926	0.01	0.056
0.95	0.022	0.016	0.012
0.846	0.008	0.144	0.002
0.922	0.0	0.068	0.01
0.008	0.006	0.968	0.018
0.016	0.008	0.382	0.594
0.042	0.496	0.128	0.334
0.018	0.836	0.016	0.13
0.702	0.064	0.13	0.104
