>LHX9.H11FULL
0.129	0.44	0.151	0.281
0.015	0.093	0.014	0.879
0.983	0.016	0.0	0.001
0.999	0.0	0.001	0.0
0.0	0.001	0.0	0.999
0.001	0.002	0.022	0.976
0.801	0.0	0.198	0.001
0.216	0.14	0.61	0.034
0.067	0.431	0.159	0.343
0.239	0.253	0.188	0.319
0.338	0.229	0.11	0.323
0.361	0.154	0.067	0.418
0.382	0.078	0.03	0.511
0.509	0.04	0.011	0.44
0.516	0.027	0.034	0.423
0.396	0.042	0.079	0.483
0.332	0.07	0.151	0.446
0.34	0.114	0.21	0.336
