>MYNN.H11FULL
0.322	0.046	0.451	0.18
0.104	0.055	0.776	0.066
0.56	0.036	0.35	0.055
0.025	0.964	0.011	0.0
0.0	0.016	0.014	0.97
0.03	0.344	0.055	0.571
0.03	0.093	0.041	0.836
0.041	0.011	0.011	0.937
0.888	0.03	0.036	0.046
0.243	0.093	0.025	0.639
0.049	0.096	0.134	0.721
0.104	0.164	0.161	0.571
0.104	0.126	0.06	0.71
0.161	0.071	0.653	0.115
0.527	0.079	0.227	0.167
0.56	0.227	0.082	0.131
0.582	0.093	0.235	0.09
