>PROX1.H11FULL
0.15	0.161	0.432	0.257
0.161	0.152	0.459	0.228
0.132	0.146	0.495	0.226
0.079	0.115	0.376	0.429
0.538	0.031	0.259	0.172
0.492	0.01	0.479	0.019
0.027	0.005	0.951	0.017
0.263	0.004	0.701	0.031
0.181	0.555	0.053	0.211
0.036	0.003	0.9	0.061
0.025	0.082	0.466	0.428
0.017	0.444	0.499	0.04
0.154	0.045	0.276	0.525
0.083	0.074	0.296	0.547
0.181	0.125	0.605	0.089
0.155	0.082	0.619	0.144
0.214	0.133	0.464	0.19
