>SOX10.H11FULL
0.38	0.402	0.168	0.05
0.888	0.064	0.032	0.016
0.77	0.032	0.12	0.078
0.48	0.032	0.25	0.238
0.324	0.078	0.546	0.052
0.278	0.164	0.502	0.056
0.368	0.212	0.304	0.116
0.292	0.148	0.322	0.238
0.05	0.292	0.404	0.254
0.05	0.798	0.046	0.106
0.506	0.044	0.012	0.438
0.028	0.074	0.036	0.862
0.006	0.022	0.006	0.966
0.054	0.02	0.926	0.0
0.062	0.002	0.012	0.924
0.138	0.182	0.18	0.5
