>ZNF547.H11FULL
0.141	0.119	0.126	0.615
0.067	0.099	0.76	0.074
0.037	0.852	0.002	0.109
0.272	0.081	0.081	0.565
0.701	0.165	0.094	0.04
0.911	0.03	0.044	0.015
0.151	0.22	0.035	0.595
0.005	0.054	0.56	0.38
0.002	0.988	0.002	0.007
0.41	0.163	0.064	0.363
0.254	0.027	0.659	0.059
0.015	0.914	0.02	0.052
0.788	0.096	0.015	0.101
0.326	0.101	0.521	0.052
0.227	0.074	0.602	0.096
0.106	0.805	0.035	0.054
0.627	0.081	0.183	0.109
0.156	0.24	0.202	0.402
0.432	0.064	0.393	0.111
0.049	0.805	0.081	0.064
