>ZNF85.H11FULL
0.624	0.116	0.138	0.122
0.264	0.128	0.162	0.446
0.594	0.1	0.104	0.202
0.172	0.102	0.654	0.072
0.622	0.1	0.186	0.092
0.626	0.198	0.11	0.066
0.554	0.088	0.304	0.054
0.54	0.058	0.102	0.3
0.152	0.558	0.172	0.118
0.146	0.034	0.148	0.672
0.19	0.004	0.802	0.004
0.62	0.328	0.032	0.02
0.508	0.03	0.058	0.404
0.03	0.006	0.954	0.01
0.086	0.092	0.376	0.446
0.974	0.012	0.008	0.006
0.866	0.096	0.002	0.036
0.01	0.046	0.022	0.922
0.038	0.914	0.016	0.032
0.174	0.14	0.022	0.664
