>HOXC10.H11FULL
0.235	0.163	0.182	0.421
0.311	0.114	0.119	0.456
0.42	0.066	0.069	0.445
0.397	0.046	0.049	0.509
0.429	0.041	0.092	0.438
0.472	0.057	0.16	0.311
0.411	0.164	0.196	0.23
0.296	0.188	0.217	0.299
0.253	0.194	0.216	0.337
0.247	0.14	0.202	0.411
0.093	0.102	0.124	0.68
0.023	0.013	0.095	0.869
0.001	0.013	0.008	0.978
0.37	0.016	0.014	0.599
0.988	0.005	0.008	0.0
0.04	0.172	0.055	0.733
0.116	0.092	0.393	0.399
0.472	0.09	0.317	0.121
0.168	0.427	0.203	0.203
