>KLF15.H11FULL
0.311	0.035	0.543	0.111
0.259	0.013	0.695	0.033
0.0	0.002	0.998	0.0
0.017	0.006	0.975	0.002
0.537	0.355	0.0	0.109
0.069	0.006	0.919	0.006
0.013	0.015	0.885	0.088
0.493	0.031	0.424	0.052
0.117	0.006	0.868	0.008
0.313	0.344	0.299	0.044
0.344	0.161	0.286	0.209
0.234	0.044	0.582	0.14
0.15	0.021	0.797	0.031
0.186	0.031	0.77	0.013
0.257	0.134	0.576	0.033
0.177	0.104	0.666	0.052
0.278	0.129	0.447	0.146
0.088	0.094	0.743	0.075
0.184	0.017	0.731	0.069
