>LYL1.H11FULL
0.205	0.442	0.203	0.15
0.146	0.695	0.026	0.132
0.64	0.051	0.046	0.263
0.057	0.126	0.49	0.327
0.13	0.731	0.044	0.095
0.106	0.0	0.007	0.887
0.002	0.177	0.81	0.011
0.007	0.298	0.181	0.514
0.062	0.208	0.221	0.51
0.208	0.221	0.13	0.442
0.044	0.512	0.119	0.325
0.095	0.581	0.11	0.214
0.141	0.188	0.181	0.49
0.119	0.274	0.38	0.227
