>OSR2.H11FULL
0.173	0.165	0.488	0.173
0.072	0.404	0.211	0.313
0.167	0.288	0.123	0.423
0.131	0.347	0.378	0.144
0.055	0.67	0.059	0.216
0.345	0.021	0.146	0.488
0.034	0.017	0.945	0.004
0.015	0.973	0.008	0.004
0.002	0.049	0.002	0.947
0.243	0.216	0.205	0.336
0.002	0.992	0.002	0.004
0.008	0.173	0.002	0.816
0.095	0.167	0.617	0.121
0.182	0.446	0.123	0.249
0.302	0.11	0.233	0.355
0.08	0.169	0.588	0.163
