>RFX2.H11FULL
0.043	0.57	0.104	0.284
0.13	0.177	0.409	0.284
0.0	0.0	1.0	0.0
0.0	0.007	0.0	0.993
0.019	0.08	0.005	0.896
0.043	0.002	0.941	0.014
0.002	0.905	0.002	0.09
0.0	0.801	0.0	0.199
0.804	0.054	0.057	0.085
0.13	0.007	0.116	0.747
0.078	0.0	0.917	0.005
0.116	0.007	0.875	0.002
0.156	0.534	0.194	0.116
0.577	0.035	0.3	0.087
0.846	0.054	0.073	0.026
0.024	0.858	0.017	0.102
0.307	0.258	0.331	0.104
0.191	0.265	0.444	0.099
