>STAT2.H11FULL
0.42	0.11	0.342	0.128
0.35	0.134	0.45	0.066
0.298	0.01	0.636	0.056
0.604	0.004	0.37	0.022
0.988	0.004	0.004	0.004
0.944	0.016	0.018	0.022
0.48	0.168	0.13	0.222
0.238	0.228	0.14	0.394
0.078	0.002	0.916	0.004
0.972	0.006	0.02	0.002
0.986	0.0	0.014	0.0
0.994	0.0	0.004	0.002
0.088	0.686	0.214	0.012
0.104	0.176	0.016	0.704
0.182	0.114	0.544	0.16
0.768	0.054	0.112	0.066
0.642	0.1	0.148	0.11
0.602	0.106	0.188	0.104
0.204	0.292	0.372	0.132
