>TLX1.H11FULL
0.185	0.423	0.152	0.24
0.033	0.359	0.051	0.558
0.016	0.033	0.723	0.228
0.147	0.065	0.607	0.181
0.016	0.558	0.016	0.41
0.847	0.028	0.016	0.109
0.384	0.352	0.155	0.109
0.104	0.32	0.323	0.253
0.276	0.142	0.253	0.33
0.29	0.099	0.269	0.341
0.163	0.163	0.674	0.0
0.228	0.625	0.0	0.147
0.049	0.672	0.0	0.279
0.509	0.132	0.179	0.179
0.665	0.016	0.175	0.144
0.072	0.104	0.599	0.225
0.283	0.133	0.408	0.177
