>USF2.H11FULL
0.216	0.208	0.447	0.129
0.204	0.139	0.546	0.111
0.116	0.016	0.865	0.003
0.015	0.048	0.037	0.9
0.002	0.998	0.0	0.0
0.993	0.0	0.004	0.004
0.0	0.926	0.022	0.053
0.102	0.0	0.898	0.0
0.003	0.008	0.004	0.985
0.002	0.0	0.996	0.002
0.338	0.168	0.396	0.098
0.058	0.449	0.266	0.227
0.119	0.466	0.334	0.082
0.252	0.298	0.33	0.12
0.128	0.371	0.365	0.136
0.126	0.33	0.385	0.16
0.162	0.326	0.388	0.124
0.127	0.379	0.313	0.181
0.122	0.275	0.385	0.218
