>ZBTB17.H11FULL
0.184	0.238	0.436	0.142
0.388	0.156	0.3	0.156
0.28	0.054	0.54	0.126
0.212	0.08	0.61	0.098
0.2	0.136	0.572	0.092
0.32	0.128	0.094	0.458
0.14	0.04	0.812	0.008
0.204	0.026	0.68	0.09
0.238	0.034	0.684	0.044
0.152	0.006	0.79	0.052
0.072	0.074	0.85	0.004
0.696	0.2	0.002	0.102
0.198	0.032	0.538	0.232
0.052	0.016	0.886	0.046
0.232	0.022	0.726	0.02
0.256	0.008	0.71	0.026
0.528	0.276	0.136	0.06
0.42	0.062	0.332	0.186
0.258	0.114	0.508	0.12
