>BACH1.H11FULL
0.063	0.168	0.098	0.672
0.009	0.066	0.922	0.002
0.021	0.968	0.004	0.008
0.036	0.08	0.08	0.804
0.004	0.061	0.891	0.044
0.803	0.021	0.124	0.052
0.013	0.215	0.763	0.009
0.006	0.036	0.146	0.812
0.016	0.944	0.034	0.006
0.786	0.096	0.082	0.035
0.01	0.334	0.257	0.399
0.152	0.266	0.395	0.188
0.105	0.379	0.373	0.144
