>DLX1.H11FULL
0.357	0.136	0.137	0.37
0.453	0.096	0.076	0.374
0.533	0.058	0.077	0.333
0.464	0.049	0.074	0.412
0.34	0.039	0.11	0.511
0.22	0.072	0.118	0.589
0.562	0.09	0.152	0.196
0.165	0.142	0.203	0.49
0.125	0.154	0.585	0.136
0.102	0.46	0.303	0.135
0.221	0.129	0.0	0.65
0.993	0.003	0.004	0.0
0.997	0.001	0.001	0.002
0.012	0.011	0.01	0.968
0.037	0.036	0.074	0.853
0.594	0.109	0.169	0.128
