>PAX6.H11FULL
0.124	0.032	0.074	0.77
0.022	0.342	0.038	0.598
0.416	0.468	0.05	0.066
0.044	0.566	0.04	0.35
0.286	0.07	0.606	0.038
0.01	0.804	0.166	0.02
0.258	0.136	0.018	0.588
0.028	0.076	0.018	0.878
0.014	0.408	0.568	0.01
0.71	0.016	0.236	0.038
0.146	0.358	0.288	0.208
0.066	0.094	0.032	0.808
