>PRDM14.H11FULL
0.47	0.12	0.278	0.132
0.398	0.048	0.448	0.106
0.074	0.158	0.712	0.056
0.172	0.018	0.04	0.77
0.012	0.01	0.01	0.968
0.982	0.004	0.006	0.008
0.082	0.06	0.856	0.002
0.576	0.01	0.368	0.046
0.076	0.064	0.838	0.022
0.64	0.134	0.034	0.192
0.168	0.738	0.066	0.028
0.038	0.748	0.136	0.078
0.114	0.406	0.068	0.412
0.38	0.158	0.262	0.2
