>SOX8.H11FULL
0.326	0.075	0.067	0.533
0.166	0.493	0.273	0.069
0.82	0.08	0.05	0.051
0.101	0.811	0.042	0.047
0.011	0.015	0.008	0.967
0.151	0.034	0.807	0.008
0.287	0.456	0.122	0.134
0.8	0.193	0.0	0.007
0.97	0.023	0.001	0.006
0.012	0.031	0.001	0.957
0.001	0.021	0.0	0.977
0.016	0.27	0.57	0.145
0.643	0.025	0.013	0.319
0.023	0.136	0.063	0.778
0.157	0.182	0.369	0.291
0.176	0.376	0.134	0.313
