>TBX1.H11FULL
0.115	0.078	0.713	0.094
0.085	0.08	0.732	0.104
0.067	0.08	0.74	0.113
0.166	0.232	0.183	0.419
0.065	0.05	0.833	0.052
0.05	0.039	0.809	0.101
0.054	0.027	0.87	0.048
0.192	0.41	0.147	0.251
0.801	0.04	0.11	0.049
0.018	0.015	0.948	0.018
0.004	0.006	0.975	0.016
0.003	0.014	0.754	0.229
0.007	0.009	0.975	0.009
0.074	0.22	0.05	0.656
0.005	0.008	0.957	0.029
0.213	0.004	0.776	0.007
0.177	0.017	0.772	0.034
0.239	0.402	0.174	0.185
0.264	0.104	0.342	0.29
0.21	0.128	0.375	0.288
