>TWIST1.H11FULL
0.507	0.268	0.155	0.07
0.07	0.869	0.028	0.032
0.924	0.014	0.034	0.028
0.01	0.082	0.183	0.724
0.197	0.702	0.08	0.02
0.002	0.004	0.002	0.992
0.0	0.008	0.968	0.024
0.026	0.145	0.535	0.294
0.292	0.074	0.087	0.547
0.286	0.095	0.07	0.549
0.117	0.268	0.119	0.497
0.06	0.36	0.091	0.489
0.435	0.292	0.161	0.113
0.785	0.056	0.089	0.07
0.016	0.034	0.052	0.897
0.093	0.185	0.034	0.688
0.656	0.036	0.036	0.272
