>ZNF713.H11FULL
0.419	0.162	0.221	0.198
0.359	0.12	0.13	0.391
0.664	0.128	0.133	0.074
0.131	0.072	0.77	0.027
0.676	0.189	0.113	0.023
0.685	0.212	0.054	0.05
0.559	0.014	0.41	0.018
0.919	0.036	0.023	0.023
0.785	0.159	0.037	0.019
0.34	0.002	0.318	0.34
0.042	0.01	0.902	0.046
0.329	0.306	0.32	0.045
0.063	0.532	0.338	0.068
0.82	0.023	0.032	0.126
0.248	0.297	0.158	0.297
0.164	0.02	0.588	0.227
0.581	0.297	0.072	0.05
0.794	0.051	0.055	0.1
0.55	0.104	0.203	0.144
