>ZSCAN22.H11FULL
0.305	0.101	0.437	0.158
0.189	0.113	0.643	0.055
0.134	0.151	0.263	0.452
0.124	0.632	0.181	0.063
0.319	0.181	0.092	0.408
0.061	0.008	0.926	0.004
0.861	0.015	0.101	0.023
0.137	0.063	0.546	0.254
0.084	0.004	0.903	0.008
0.025	0.008	0.958	0.008
0.542	0.311	0.088	0.059
0.12	0.008	0.859	0.013
0.019	0.004	0.958	0.019
0.714	0.235	0.021	0.029
0.065	0.006	0.916	0.013
0.069	0.048	0.847	0.036
