>ETV5.H11FULL
0.328	0.18	0.382	0.11
0.456	0.088	0.328	0.128
0.298	0.098	0.494	0.11
0.2	0.418	0.346	0.036
0.84	0.036	0.084	0.04
0.016	0.006	0.962	0.016
0.044	0.016	0.936	0.004
0.794	0.068	0.102	0.036
0.946	0.006	0.012	0.036
0.372	0.062	0.548	0.018
0.228	0.1	0.232	0.44
0.218	0.106	0.538	0.138
0.406	0.12	0.386	0.088
0.272	0.216	0.374	0.138
