>FOXO1.H11FULL
0.186	0.16	0.26	0.394
0.096	0.31	0.256	0.338
0.06	0.452	0.254	0.234
0.04	0.478	0.17	0.312
0.006	0.012	0.014	0.968
0.032	0.034	0.918	0.016
0.004	0.186	0.016	0.794
0.01	0.03	0.062	0.898
0.012	0.04	0.222	0.726
0.404	0.224	0.052	0.32
0.006	0.692	0.052	0.25
0.226	0.264	0.176	0.334
