>HAND1.H11FULL
0.242	0.114	0.44	0.204
0.154	0.132	0.496	0.218
0.136	0.266	0.452	0.146
0.038	0.402	0.052	0.508
0.024	0.948	0.006	0.022
0.016	0.0	0.0	0.984
0.002	0.002	0.988	0.008
0.002	0.224	0.614	0.16
0.182	0.304	0.126	0.388
0.192	0.252	0.094	0.462
0.336	0.102	0.028	0.534
0.178	0.222	0.292	0.308
0.05	0.236	0.074	0.64
0.17	0.312	0.398	0.12
0.024	0.026	0.034	0.916
0.02	0.868	0.05	0.062
0.612	0.108	0.036	0.244
