>LMX1B.H11FULL
0.046	0.072	0.046	0.835
0.914	0.02	0.02	0.046
0.875	0.007	0.007	0.112
0.033	0.086	0.007	0.875
0.0	0.053	0.0	0.947
1.0	0.0	0.0	0.0
0.789	0.158	0.053	0.0
0.236	0.315	0.0	0.448
0.341	0.0	0.079	0.579
0.341	0.184	0.37	0.105
0.421	0.369	0.131	0.079
0.158	0.316	0.158	0.368
0.184	0.105	0.053	0.659
0.342	0.132	0.079	0.447
0.539	0.066	0.013	0.381
0.46	0.013	0.013	0.513
0.362	0.02	0.046	0.572
0.322	0.086	0.086	0.507
