>MAF.H11FULL
0.306	0.236	0.334	0.124
0.47	0.142	0.202	0.186
0.588	0.084	0.078	0.25
0.392	0.088	0.118	0.402
0.154	0.312	0.27	0.264
0.11	0.04	0.026	0.824
0.018	0.014	0.96	0.008
0.124	0.856	0.006	0.014
0.064	0.006	0.012	0.918
0.018	0.006	0.902	0.074
0.882	0.024	0.068	0.026
0.102	0.446	0.328	0.124
0.238	0.118	0.154	0.49
0.242	0.412	0.12	0.226
0.474	0.112	0.154	0.26
0.194	0.072	0.576	0.158
0.16	0.512	0.218	0.11
0.462	0.236	0.146	0.156
0.402	0.152	0.234	0.212
