>MAZ.H11FULL
0.216	0.144	0.504	0.136
0.284	0.024	0.652	0.04
0.302	0.012	0.674	0.012
0.082	0.018	0.866	0.034
0.052	0.112	0.826	0.01
0.648	0.088	0.026	0.238
0.054	0.01	0.906	0.03
0.114	0.02	0.852	0.014
0.266	0.034	0.666	0.034
0.272	0.008	0.68	0.04
0.114	0.202	0.656	0.028
0.318	0.134	0.332	0.216
0.174	0.04	0.698	0.088
0.334	0.054	0.554	0.058
0.19	0.12	0.648	0.042
0.366	0.078	0.512	0.044
0.3	0.072	0.57	0.058
0.33	0.134	0.456	0.08
0.26	0.062	0.556	0.122
0.274	0.204	0.446	0.076
0.356	0.106	0.43	0.108
0.274	0.098	0.562	0.066
