>ZIC2.H11FULL
0.19	0.156	0.393	0.261
0.288	0.146	0.459	0.107
0.217	0.427	0.159	0.198
0.102	0.473	0.093	0.332
0.19	0.38	0.11	0.32
0.015	0.912	0.029	0.044
0.046	0.905	0.002	0.046
0.083	0.19	0.0	0.727
0.08	0.024	0.837	0.059
0.007	0.795	0.11	0.088
0.112	0.022	0.112	0.754
0.024	0.056	0.895	0.024
0.334	0.117	0.18	0.368
0.032	0.056	0.737	0.176
0.351	0.295	0.141	0.212
