>ZNF263.H11FULL
0.202	0.034	0.711	0.052
0.024	0.02	0.92	0.036
0.018	0.022	0.958	0.002
0.984	0.014	0.0	0.002
0.048	0.002	0.91	0.04
0.026	0.11	0.848	0.016
0.938	0.008	0.046	0.008
0.104	0.21	0.635	0.05
0.044	0.166	0.629	0.16
0.343	0.16	0.425	0.072
0.417	0.15	0.341	0.092
0.11	0.114	0.717	0.058
0.413	0.11	0.391	0.086
0.232	0.108	0.591	0.068
0.188	0.092	0.621	0.098
0.421	0.114	0.381	0.084
0.222	0.126	0.553	0.098
0.176	0.136	0.569	0.118
0.439	0.104	0.353	0.104
0.289	0.12	0.525	0.066
