>ZNF331.H11FULL
0.079	0.015	0.869	0.037
0.295	0.052	0.614	0.039
0.107	0.751	0.015	0.127
0.312	0.009	0.041	0.638
0.072	0.011	0.889	0.028
0.05	0.002	0.871	0.076
0.013	0.0	0.98	0.007
0.033	0.878	0.0	0.09
0.007	0.015	0.0	0.978
0.013	0.921	0.011	0.055
0.838	0.013	0.024	0.124
0.004	0.004	0.983	0.009
0.015	0.908	0.007	0.07
0.218	0.066	0.031	0.686
0.146	0.002	0.817	0.035
0.063	0.015	0.878	0.044
0.133	0.052	0.738	0.076
0.155	0.258	0.057	0.531
0.129	0.046	0.723	0.103
0.118	0.037	0.814	0.031
