>DLX6.H11FULL
0.4	0.128	0.103	0.369
0.482	0.073	0.067	0.377
0.438	0.067	0.096	0.399
0.347	0.084	0.129	0.44
0.293	0.105	0.187	0.414
0.326	0.119	0.257	0.299
0.31	0.199	0.303	0.188
0.216	0.217	0.359	0.207
0.228	0.208	0.311	0.253
0.009	0.228	0.003	0.76
0.957	0.008	0.027	0.008
0.988	0.009	0.002	0.002
0.003	0.005	0.006	0.986
0.02	0.016	0.034	0.93
0.659	0.016	0.293	0.031
