>EGR2.H11FULL
0.216	0.074	0.612	0.098
0.294	0.096	0.412	0.198
0.228	0.074	0.622	0.076
0.254	0.068	0.502	0.176
0.32	0.104	0.506	0.07
0.15	0.104	0.45	0.296
0.076	0.102	0.766	0.056
0.37	0.19	0.044	0.396
0.034	0.022	0.93	0.014
0.04	0.012	0.462	0.486
0.182	0.006	0.794	0.018
0.036	0.014	0.89	0.06
0.024	0.04	0.916	0.02
0.35	0.282	0.022	0.346
0.058	0.006	0.874	0.062
0.076	0.034	0.782	0.108
0.342	0.074	0.502	0.082
0.254	0.048	0.562	0.136
