>GSX2.H11FULL
0.153	0.321	0.156	0.37
0.066	0.058	0.021	0.855
0.882	0.028	0.048	0.041
0.991	0.002	0.005	0.002
0.026	0.053	0.019	0.902
0.13	0.049	0.249	0.572
0.568	0.058	0.301	0.073
0.2	0.253	0.414	0.134
0.293	0.198	0.161	0.348
0.312	0.127	0.154	0.407
0.308	0.099	0.099	0.494
0.189	0.119	0.089	0.603
0.154	0.057	0.064	0.725
0.734	0.048	0.108	0.11
0.845	0.034	0.055	0.066
0.116	0.118	0.102	0.664
