>LHX8.H11FULL
0.187	0.402	0.179	0.231
0.307	0.203	0.436	0.053
0.027	0.531	0.071	0.371
0.001	0.001	0.0	0.998
0.595	0.0	0.405	0.0
0.999	0.0	0.0	0.0
0.0	0.0	0.0	1.0
0.0	0.003	0.004	0.993
0.51	0.0	0.489	0.0
0.055	0.626	0.297	0.021
0.411	0.257	0.146	0.186
0.533	0.194	0.145	0.128
0.219	0.152	0.065	0.564
0.133	0.193	0.052	0.623
0.603	0.072	0.119	0.206
0.613	0.061	0.108	0.218
0.238	0.096	0.124	0.542
0.226	0.126	0.16	0.488
