>NFIA.H11FULL
0.145	0.214	0.108	0.533
0.034	0.03	0.069	0.867
0.046	0.009	0.878	0.067
0.066	0.03	0.855	0.05
0.111	0.72	0.115	0.054
0.415	0.25	0.122	0.212
0.215	0.327	0.207	0.251
0.368	0.002	0.63	0.001
0.23	0.218	0.344	0.207
0.303	0.131	0.102	0.465
0.075	0.069	0.736	0.119
0.06	0.812	0.063	0.065
0.057	0.839	0.057	0.047
0.779	0.064	0.07	0.087
0.441	0.09	0.355	0.115
