>POU3F4.H11FULL
0.243	0.099	0.116	0.542
0.474	0.246	0.095	0.185
0.718	0.055	0.081	0.146
0.049	0.099	0.039	0.813
0.295	0.021	0.042	0.642
0.256	0.036	0.002	0.706
0.068	0.01	0.917	0.005
0.055	0.943	0.0	0.002
0.993	0.003	0.001	0.002
0.002	0.001	0.0	0.996
0.953	0.002	0.011	0.034
0.737	0.023	0.004	0.236
0.274	0.041	0.035	0.65
0.134	0.143	0.114	0.609
0.389	0.123	0.098	0.39
0.494	0.114	0.151	0.241
0.251	0.169	0.184	0.396
