>TBR1.H11FULL
0.423	0.187	0.229	0.161
0.51	0.073	0.252	0.165
0.914	0.006	0.064	0.015
0.097	0.03	0.818	0.054
0.0	0.003	0.993	0.003
0.007	0.016	0.015	0.961
0.021	0.004	0.974	0.001
0.021	0.053	0.033	0.893
0.021	0.022	0.882	0.075
0.965	0.006	0.014	0.015
0.784	0.059	0.041	0.115
0.589	0.151	0.104	0.156
0.44	0.123	0.131	0.306
