>ZNF740.H11FULL
0.225	0.131	0.378	0.267
0.137	0.077	0.415	0.37
0.079	0.047	0.509	0.364
0.018	0.011	0.927	0.044
0.011	0.003	0.962	0.024
0.012	0.002	0.976	0.01
0.012	0.004	0.964	0.02
0.009	0.002	0.966	0.024
0.013	0.002	0.836	0.149
0.0	0.001	0.999	0.0
0.233	0.313	0.017	0.437
0.322	0.086	0.411	0.181
0.215	0.127	0.425	0.233
0.182	0.114	0.431	0.273
