>ZSCAN31.H11FULL
0.283	0.054	0.521	0.143
0.061	0.054	0.622	0.263
0.088	0.752	0.098	0.061
0.651	0.15	0.059	0.14
0.071	0.039	0.86	0.029
0.047	0.894	0.032	0.027
0.708	0.042	0.194	0.057
0.025	0.015	0.948	0.012
0.049	0.027	0.862	0.061
0.106	0.022	0.845	0.027
0.052	0.904	0.032	0.012
0.666	0.135	0.091	0.108
0.3	0.093	0.474	0.133
0.069	0.091	0.253	0.587
0.16	0.118	0.238	0.484
0.673	0.115	0.155	0.057
0.115	0.093	0.268	0.523
0.373	0.106	0.44	0.081
