>GSX1.H11FULL
0.097	0.097	0.068	0.738
0.719	0.1	0.107	0.074
0.946	0.007	0.025	0.022
0.037	0.019	0.005	0.939
0.043	0.007	0.207	0.743
0.681	0.011	0.279	0.029
0.178	0.167	0.529	0.127
0.236	0.203	0.239	0.322
0.283	0.091	0.243	0.384
0.301	0.091	0.203	0.406
0.192	0.076	0.178	0.554
0.168	0.089	0.139	0.603
0.514	0.093	0.195	0.198
0.636	0.092	0.147	0.125
0.142	0.084	0.178	0.595
