>IRF2.H11FULL
0.285	0.179	0.367	0.169
0.614	0.096	0.215	0.074
0.713	0.072	0.108	0.106
0.755	0.056	0.078	0.11
0.283	0.199	0.386	0.133
0.259	0.223	0.127	0.392
0.169	0.024	0.799	0.008
0.978	0.0	0.02	0.002
0.994	0.002	0.004	0.0
0.972	0.0	0.016	0.012
0.131	0.263	0.59	0.016
0.088	0.219	0.008	0.685
0.054	0.01	0.922	0.014
0.944	0.01	0.046	0.0
0.988	0.0	0.012	0.0
0.978	0.0	0.012	0.01
0.006	0.378	0.582	0.034
0.098	0.263	0.064	0.574
0.404	0.129	0.384	0.084
0.365	0.209	0.309	0.116
