>IRF3.H11FULL
0.3	0.078	0.514	0.108
0.604	0.044	0.3	0.052
0.678	0.066	0.214	0.042
0.72	0.074	0.11	0.096
0.306	0.108	0.456	0.13
0.224	0.054	0.558	0.164
0.202	0.054	0.732	0.012
0.82	0.018	0.148	0.014
0.816	0.036	0.126	0.022
0.9	0.016	0.03	0.054
0.224	0.262	0.446	0.068
0.292	0.088	0.402	0.218
0.2	0.006	0.784	0.01
0.674	0.024	0.29	0.012
0.88	0.036	0.072	0.012
0.942	0.004	0.04	0.014
0.096	0.314	0.548	0.042
0.266	0.142	0.274	0.318
0.228	0.122	0.586	0.064
0.682	0.07	0.178	0.07
