>ZNF320.H11FULL
0.063	0.043	0.783	0.111
0.039	0.02	0.41	0.531
0.089	0.039	0.779	0.093
0.02	0.011	0.957	0.013
0.017	0.015	0.954	0.013
0.375	0.026	0.323	0.275
0.091	0.612	0.128	0.169
0.111	0.77	0.052	0.067
0.501	0.299	0.05	0.15
0.245	0.024	0.62	0.111
0.087	0.011	0.755	0.148
0.015	0.002	0.97	0.013
0.028	0.004	0.967	0.0
0.043	0.028	0.907	0.022
0.271	0.711	0.009	0.009
0.286	0.59	0.046	0.078
0.46	0.052	0.152	0.336
0.386	0.056	0.438	0.119
0.069	0.221	0.134	0.575
0.1	0.054	0.738	0.108
