MEME version 5.1.1

ALPHABET= ACGT

strands: + -

Background letter frequencies
A 0.25 C 0.25 G 0.25 T 0.25

MOTIF MAZ.H11FULL
letter-probability matrix: alength= 4 w= 22 nsites= 88
0.216	0.144	0.504	0.136
0.284	0.024	0.652	0.04
0.302	0.012	0.674	0.012
0.082	0.018	0.866	0.034
0.052	0.112	0.826	0.01
0.648	0.088	0.026	0.238
0.054	0.01	0.906	0.03
0.114	0.02	0.852	0.014
0.266	0.034	0.666	0.034
0.272	0.008	0.68	0.04
0.114	0.202	0.656	0.028
0.318	0.134	0.332	0.216
0.174	0.04	0.698	0.088
0.334	0.054	0.554	0.058
0.19	0.12	0.648	0.042
0.366	0.078	0.512	0.044
0.3	0.072	0.57	0.058
0.33	0.134	0.456	0.08
0.26	0.062	0.556	0.122
0.274	0.204	0.446	0.076
0.356	0.106	0.43	0.108
0.274	0.098	0.562	0.066

MOTIF HMGA1.H11FULL
letter-probability matrix: alength= 4 w= 7 nsites= 28
0.261	0.18	0.354	0.205
0.317	0.084	0.0	0.6
0.848	0.04	0.0	0.112
0.0	0.0	0.0	1.0
0.021	0.01	0.0	0.969
0.239	0.062	0.094	0.605
0.205	0.112	0.117	0.566

MOTIF SREBF1.H11FULL
letter-probability matrix: alength= 4 w= 11 nsites= 44
0.284	0.114	0.376	0.226
0.274	0.12	0.552	0.054
0.042	0.018	0.166	0.774
0.02	0.438	0.532	0.01
0.39	0.012	0.44	0.158
0.032	0.192	0.62	0.156
0.026	0.086	0.882	0.006
0.166	0.01	0.03	0.794
0.0	0.014	0.986	0.0
0.84	0.03	0.044	0.086
0.01	0.312	0.374	0.304

MOTIF SMAD3.H11FULL
letter-probability matrix: alength= 4 w= 12 nsites= 48
0.164	0.364	0.314	0.158
0.11	0.272	0.168	0.45
0.064	0.696	0.06	0.18
0.216	0.004	0.014	0.766
0.07	0.294	0.554	0.082
0.212	0.312	0.106	0.37
0.038	0.87	0.008	0.084
0.466	0.118	0.022	0.394
0.008	0.566	0.332	0.094
0.032	0.912	0.014	0.042
0.352	0.056	0.004	0.588
0.072	0.272	0.494	0.162

MOTIF ATF4.H11FULL
letter-probability matrix: alength= 4 w= 12 nsites= 48
0.398	0.064	0.382	0.156
0.236	0.186	0.394	0.184
0.534	0.33	0.136	0.0
0.002	0.002	0.0	0.996
0.0	0.006	0.978	0.016
0.98	0.006	0.01	0.004
0.0	0.052	0.006	0.942
0.0	0.006	0.994	0.0
0.102	0.802	0.002	0.094
0.994	0.006	0.0	0.0
0.998	0.0	0.002	0.0
0.016	0.292	0.13	0.562

MOTIF NFE2L1.H11FULL
letter-probability matrix: alength= 4 w= 7 nsites= 28
0.429	0.249	0.08	0.242
0.216	0.047	0.71	0.027
0.0	0.0	0.007	0.993
0.03	0.892	0.002	0.077
0.944	0.021	0.007	0.028
0.013	0.16	0.061	0.766
0.174	0.226	0.291	0.309

MOTIF STAT3.H11FULL
letter-probability matrix: alength= 4 w= 12 nsites= 48
0.168	0.424	0.228	0.18
0.452	0.192	0.196	0.16
0.114	0.34	0.104	0.442
0.024	0.006	0.002	0.968
0.014	0.002	0.08	0.904
0.086	0.888	0.006	0.02
0.002	0.87	0.0	0.128
0.448	0.552	0.0	0.0
0.348	0.016	0.614	0.022
0.052	0.012	0.732	0.204
0.79	0.172	0.004	0.034
0.904	0.034	0.026	0.036

MOTIF USF2.H11FULL
letter-probability matrix: alength= 4 w= 19 nsites= 76
0.216	0.208	0.447	0.129
0.204	0.139	0.546	0.111
0.116	0.016	0.865	0.003
0.015	0.048	0.037	0.9
0.002	0.998	0.0	0.0
0.993	0.0	0.004	0.004
0.0	0.926	0.022	0.053
0.102	0.0	0.898	0.0
0.003	0.008	0.004	0.985
0.002	0.0	0.996	0.002
0.338	0.168	0.396	0.098
0.058	0.449	0.266	0.227
0.119	0.466	0.334	0.082
0.252	0.298	0.33	0.12
0.128	0.371	0.365	0.136
0.126	0.33	0.385	0.16
0.162	0.326	0.388	0.124
0.127	0.379	0.313	0.181
0.122	0.275	0.385	0.218

MOTIF NR2F6.H11FULL
letter-probability matrix: alength= 4 w= 18 nsites= 72
0.475	0.025	0.289	0.211
0.176	0.0	0.824	0.0
0.088	0.275	0.637	0.0
0.451	0.0	0.186	0.363
0.186	0.725	0.088	0.0
1.0	0.0	0.0	0.0
0.912	0.0	0.088	0.0
0.716	0.0	0.284	0.0
0.0	0.0	1.0	0.0
0.176	0.098	0.275	0.451
0.186	0.186	0.176	0.451
0.176	0.637	0.186	0.0
0.912	0.0	0.088	0.0
0.275	0.275	0.186	0.265
0.186	0.284	0.176	0.353
0.186	0.0	0.363	0.451
0.265	0.088	0.471	0.176
0.539	0.186	0.275	0.0

MOTIF TCF3.H11FULL
letter-probability matrix: alength= 4 w= 11 nsites= 44
0.222	0.494	0.252	0.032
0.502	0.324	0.17	0.004
0.014	0.98	0.006	0.0
0.994	0.0	0.0	0.006
0.004	0.326	0.654	0.016
0.004	0.794	0.202	0.0
0.0	0.002	0.002	0.996
0.008	0.006	0.984	0.002
0.006	0.748	0.15	0.096
0.506	0.16	0.056	0.278
0.126	0.232	0.41	0.232

MOTIF HOXB6.H11FULL
letter-probability matrix: alength= 4 w= 13 nsites= 52
0.474	0.09	0.225	0.211
0.496	0.121	0.0	0.383
0.0	0.121	0.0	0.879
0.121	0.0	0.879	0.0
1.0	0.0	0.0	0.0
0.0	0.0	0.0	1.0
0.0	0.0	0.0	1.0
0.121	0.0	0.504	0.375
0.879	0.0	0.121	0.0
0.0	0.0	0.0	1.0
0.0	0.0	0.879	0.121
0.496	0.504	0.0	0.0
0.504	0.255	0.121	0.121

MOTIF JUND.H11FULL
letter-probability matrix: alength= 4 w= 11 nsites= 44
0.236	0.151	0.429	0.184
0.398	0.164	0.393	0.044
0.027	0.002	0.018	0.953
0.007	0.009	0.953	0.031
0.947	0.007	0.022	0.024
0.062	0.0	0.938	0.0
0.013	0.013	0.013	0.96
0.024	0.933	0.042	0.0
0.989	0.004	0.007	0.0
0.038	0.384	0.147	0.431
0.151	0.413	0.169	0.267

MOTIF FOSL1.H11FULL
letter-probability matrix: alength= 4 w= 12 nsites= 48
0.198	0.186	0.406	0.21
0.318	0.164	0.348	0.17
0.43	0.27	0.282	0.018
0.0	0.0	0.006	0.994
0.0	0.004	0.942	0.054
0.988	0.002	0.002	0.008
0.078	0.0	0.922	0.0
0.0	0.0	0.0	1.0
0.018	0.98	0.002	0.0
0.996	0.004	0.0	0.0
0.022	0.412	0.162	0.404
0.21	0.402	0.154	0.234

MOTIF RELA.H11FULL
letter-probability matrix: alength= 4 w= 14 nsites= 56
0.272	0.388	0.132	0.208
0.478	0.078	0.13	0.314
0.02	0.014	0.92	0.046
0.006	0.0	0.98	0.014
0.01	0.0	0.902	0.088
0.556	0.01	0.396	0.038
0.54	0.238	0.066	0.156
0.24	0.018	0.004	0.738
0.01	0.018	0.01	0.962
0.008	0.18	0.0	0.812
0.016	0.93	0.002	0.052
0.024	0.934	0.006	0.036
0.428	0.358	0.076	0.138
0.326	0.218	0.334	0.122

MOTIF HOXC10.H11FULL
letter-probability matrix: alength= 4 w= 19 nsites= 76
0.235	0.163	0.182	0.421
0.311	0.114	0.119	0.456
0.42	0.066	0.069	0.445
0.397	0.046	0.049	0.509
0.429	0.041	0.092	0.438
0.472	0.057	0.16	0.311
0.411	0.164	0.196	0.23
0.296	0.188	0.217	0.299
0.253	0.194	0.216	0.337
0.247	0.14	0.202	0.411
0.093	0.102	0.124	0.68
0.023	0.013	0.095	0.869
0.001	0.013	0.008	0.978
0.37	0.016	0.014	0.599
0.988	0.005	0.008	0.0
0.04	0.172	0.055	0.733
0.116	0.092	0.393	0.399
0.472	0.09	0.317	0.121
0.168	0.427	0.203	0.203

MOTIF IRF3.H11FULL
letter-probability matrix: alength= 4 w= 20 nsites= 80
0.3	0.078	0.514	0.108
0.604	0.044	0.3	0.052
0.678	0.066	0.214	0.042
0.72	0.074	0.11	0.096
0.306	0.108	0.456	0.13
0.224	0.054	0.558	0.164
0.202	0.054	0.732	0.012
0.82	0.018	0.148	0.014
0.816	0.036	0.126	0.022
0.9	0.016	0.03	0.054
0.224	0.262	0.446	0.068
0.292	0.088	0.402	0.218
0.2	0.006	0.784	0.01
0.674	0.024	0.29	0.012
0.88	0.036	0.072	0.012
0.942	0.004	0.04	0.014
0.096	0.314	0.548	0.042
0.266	0.142	0.274	0.318
0.228	0.122	0.586	0.064
0.682	0.07	0.178	0.07

MOTIF HSF1.H11FULL
letter-probability matrix: alength= 4 w= 15 nsites= 60
0.148	0.228	0.224	0.4
0.422	0.056	0.49	0.032
0.012	0.006	0.978	0.004
0.95	0.02	0.02	0.01
0.85	0.034	0.054	0.062
0.244	0.188	0.296	0.272
0.156	0.278	0.404	0.162
0.108	0.088	0.06	0.744
0.116	0.016	0.088	0.78
0.052	0.944	0.004	0.0
0.012	0.32	0.032	0.636
0.564	0.06	0.368	0.008
0.006	0.008	0.986	0.0
0.912	0.03	0.03	0.028
0.788	0.066	0.102	0.044

MOTIF CENPB.H11FULL
letter-probability matrix: alength= 4 w= 17 nsites= 68
0.048	0.041	0.044	0.867
0.138	0.013	0.021	0.829
0.012	0.953	0.012	0.022
0.0	0.0	0.997	0.002
0.047	0.284	0.022	0.647
0.433	0.092	0.048	0.428
0.179	0.358	0.33	0.133
0.161	0.222	0.337	0.281
0.991	0.0	0.004	0.005
0.291	0.276	0.05	0.384
0.219	0.113	0.668	0.0
0.006	0.985	0.009	0.0
0.0	0.0	1.0	0.0
0.008	0.002	0.989	0.002
0.074	0.054	0.804	0.068
0.338	0.118	0.13	0.413
0.298	0.178	0.15	0.374

MOTIF TGIF1.H11FULL
letter-probability matrix: alength= 4 w= 7 nsites= 28
0.166	0.032	0.098	0.704
0.004	0.004	0.988	0.004
0.912	0.002	0.086	0.0
0.078	0.814	0.09	0.018
0.988	0.002	0.002	0.008
0.088	0.076	0.824	0.012
0.118	0.446	0.316	0.12

MOTIF TP53.H11FULL
letter-probability matrix: alength= 4 w= 20 nsites= 80
0.368	0.084	0.358	0.189
0.183	0.039	0.667	0.111
0.523	0.047	0.379	0.051
0.006	0.905	0.021	0.068
0.687	0.058	0.033	0.222
0.216	0.006	0.047	0.73
0.006	0.002	0.977	0.014
0.049	0.516	0.008	0.426
0.109	0.673	0.035	0.183
0.023	0.821	0.084	0.072
0.722	0.111	0.039	0.128
0.167	0.043	0.751	0.039
0.63	0.006	0.34	0.025
0.0	0.99	0.008	0.002
0.792	0.043	0.006	0.158
0.119	0.051	0.031	0.798
0.041	0.019	0.932	0.008
0.06	0.469	0.031	0.44
0.117	0.626	0.039	0.218
0.097	0.531	0.066	0.307

MOTIF MAFK.H11FULL
letter-probability matrix: alength= 4 w= 18 nsites= 72
0.483	0.114	0.255	0.148
0.508	0.074	0.225	0.193
0.585	0.039	0.07	0.306
0.52	0.049	0.032	0.399
0.297	0.202	0.158	0.343
0.051	0.037	0.007	0.905
0.0	0.009	0.991	0.0
0.063	0.933	0.0	0.005
0.007	0.012	0.0	0.981
0.009	0.002	0.965	0.023
0.972	0.002	0.002	0.023
0.032	0.432	0.48	0.056
0.086	0.021	0.016	0.877
0.095	0.8	0.028	0.077
0.84	0.005	0.081	0.074
0.026	0.049	0.631	0.295
0.049	0.742	0.142	0.067
0.61	0.139	0.1	0.151

MOTIF HOXB3.H11FULL
letter-probability matrix: alength= 4 w= 14 nsites= 56
0.118	0.341	0.11	0.43
0.06	0.056	0.046	0.838
0.884	0.039	0.042	0.036
0.999	0.0	0.001	0.0
0.0	0.006	0.006	0.989
0.005	0.031	0.278	0.686
0.687	0.014	0.268	0.03
0.1	0.376	0.418	0.106
0.156	0.281	0.115	0.448
0.206	0.158	0.15	0.487
0.244	0.131	0.08	0.545
0.212	0.096	0.063	0.629
0.221	0.093	0.081	0.605
0.438	0.154	0.128	0.28

MOTIF KLF6.H11FULL
letter-probability matrix: alength= 4 w= 19 nsites= 76
0.155	0.185	0.51	0.149
0.222	0.248	0.48	0.05
0.446	0.19	0.28	0.085
0.46	0.018	0.369	0.153
0.048	0.006	0.815	0.131
0.024	0.0	0.956	0.02
0.044	0.052	0.891	0.012
0.26	0.458	0.0	0.282
0.117	0.006	0.855	0.022
0.028	0.022	0.69	0.26
0.21	0.065	0.683	0.042
0.087	0.03	0.837	0.046
0.23	0.454	0.208	0.109
0.294	0.319	0.137	0.25
0.062	0.157	0.522	0.258
0.147	0.127	0.609	0.117
0.161	0.171	0.603	0.065
0.349	0.111	0.433	0.107
0.258	0.234	0.456	0.052

MOTIF HOXC13.H11FULL
letter-probability matrix: alength= 4 w= 11 nsites= 44
0.335	0.161	0.184	0.32
0.268	0.098	0.271	0.362
0.064	0.044	0.046	0.846
0.008	0.018	0.005	0.969
0.002	0.01	0.003	0.985
0.054	0.013	0.007	0.926
0.974	0.023	0.003	0.0
0.014	0.815	0.009	0.162
0.149	0.16	0.457	0.234
0.509	0.155	0.182	0.154
0.148	0.184	0.51	0.158

MOTIF NFKB2.H11FULL
letter-probability matrix: alength= 4 w= 11 nsites= 44
0.118	0.052	0.666	0.164
0.064	0.002	0.918	0.016
0.042	0.002	0.926	0.03
0.544	0.004	0.42	0.032
0.812	0.078	0.108	0.002
0.972	0.008	0.012	0.008
0.186	0.122	0.458	0.234
0.088	0.472	0.028	0.412
0.132	0.868	0.0	0.0
0.002	0.976	0.002	0.02
0.098	0.836	0.02	0.046

MOTIF BHLHE41.H11FULL
letter-probability matrix: alength= 4 w= 20 nsites= 80
0.384	0.075	0.168	0.374
0.0	0.588	0.412	0.0
0.299	0.309	0.299	0.093
0.402	0.103	0.495	0.0
0.103	0.103	0.412	0.381
0.0	0.402	0.495	0.103
0.0	0.495	0.0	0.505
0.0	1.0	0.0	0.0
0.711	0.0	0.196	0.093
0.206	0.598	0.093	0.103
0.0	0.103	0.804	0.093
0.0	0.0	0.0	1.0
0.0	0.0	1.0	0.0
0.309	0.598	0.093	0.0
0.412	0.196	0.103	0.289
0.0	0.093	0.711	0.196
0.495	0.196	0.309	0.0
0.402	0.093	0.402	0.103
0.309	0.103	0.588	0.0
0.232	0.325	0.325	0.119

MOTIF ELF3.H11FULL
letter-probability matrix: alength= 4 w= 14 nsites= 56
0.298	0.17	0.39	0.142
0.448	0.152	0.188	0.212
0.87	0.006	0.028	0.096
0.146	0.412	0.234	0.208
0.272	0.386	0.342	0.0
0.916	0.064	0.016	0.004
0.002	0.0	0.984	0.014
0.0	0.006	0.992	0.002
0.99	0.0	0.01	0.0
0.978	0.0	0.01	0.012
0.298	0.018	0.682	0.002
0.04	0.148	0.052	0.76
0.352	0.064	0.398	0.186
0.258	0.204	0.426	0.112

MOTIF TBX1.H11FULL
letter-probability matrix: alength= 4 w= 20 nsites= 80
0.115	0.078	0.713	0.094
0.085	0.08	0.732	0.104
0.067	0.08	0.74	0.113
0.166	0.232	0.183	0.419
0.065	0.05	0.833	0.052
0.05	0.039	0.809	0.101
0.054	0.027	0.87	0.048
0.192	0.41	0.147	0.251
0.801	0.04	0.11	0.049
0.018	0.015	0.948	0.018
0.004	0.006	0.975	0.016
0.003	0.014	0.754	0.229
0.007	0.009	0.975	0.009
0.074	0.22	0.05	0.656
0.005	0.008	0.957	0.029
0.213	0.004	0.776	0.007
0.177	0.017	0.772	0.034
0.239	0.402	0.174	0.185
0.264	0.104	0.342	0.29
0.21	0.128	0.375	0.288

MOTIF TFAP2A.H11FULL
letter-probability matrix: alength= 4 w= 15 nsites= 60
0.416	0.185	0.193	0.205
0.231	0.091	0.135	0.543
0.177	0.094	0.47	0.259
0.011	0.521	0.431	0.037
0.0	1.0	0.0	0.0
0.0	0.901	0.0	0.099
0.051	0.111	0.013	0.825
0.002	0.0	0.797	0.202
0.535	0.039	0.409	0.017
0.142	0.0	0.856	0.002
0.0	0.0	1.0	0.0
0.048	0.556	0.38	0.016
0.308	0.382	0.092	0.218
0.513	0.093	0.204	0.189
0.239	0.149	0.208	0.404

MOTIF MYBL2.H11FULL
letter-probability matrix: alength= 4 w= 10 nsites= 40
0.158	0.053	0.158	0.632
0.342	0.211	0.447	0.0
0.132	0.526	0.342	0.0
0.632	0.368	0.0	0.0
0.211	0.132	0.447	0.211
0.0	0.0	0.895	0.105
0.105	0.0	0.105	0.789
0.0	0.0	0.0	1.0
0.316	0.105	0.447	0.132
0.526	0.0	0.132	0.342

MOTIF BARX1.H11FULL
letter-probability matrix: alength= 4 w= 12 nsites= 48
0.1	0.362	0.269	0.269
0.364	0.013	0.043	0.579
0.757	0.184	0.046	0.013
0.959	0.002	0.009	0.03
0.039	0.046	0.297	0.618
0.065	0.022	0.427	0.486
0.089	0.148	0.742	0.022
0.046	0.156	0.033	0.766
0.063	0.041	0.033	0.863
0.017	0.022	0.043	0.918
0.148	0.33	0.072	0.451
0.154	0.26	0.078	0.508

MOTIF NFYC.H11FULL
letter-probability matrix: alength= 4 w= 14 nsites= 56
0.141	0.338	0.197	0.324
0.085	0.362	0.19	0.364
0.477	0.101	0.333	0.089
0.317	0.068	0.484	0.131
0.005	0.941	0.028	0.026
0.019	0.972	0.007	0.002
0.927	0.026	0.009	0.038
0.906	0.04	0.047	0.007
0.028	0.054	0.019	0.899
0.127	0.531	0.258	0.085
0.613	0.087	0.275	0.026
0.174	0.155	0.566	0.106
0.448	0.261	0.188	0.103
0.357	0.085	0.397	0.162

MOTIF FUBP1.H11FULL
letter-probability matrix: alength= 4 w= 12 nsites= 48
0.002	0.163	0.031	0.803
0.0	0.476	0.019	0.505
0.0	0.0	0.981	0.019
0.0	0.0	0.03	0.97
0.286	0.18	0.306	0.229
0.125	0.219	0.105	0.551
0.076	0.075	0.257	0.592
0.019	0.086	0.086	0.81
0.057	0.086	0.086	0.771
0.067	0.105	0.181	0.648
0.105	0.123	0.171	0.601
0.1	0.089	0.119	0.692

MOTIF NR2F2.H11FULL
letter-probability matrix: alength= 4 w= 13 nsites= 52
0.189	0.47	0.185	0.155
0.667	0.149	0.085	0.099
0.531	0.074	0.344	0.051
0.733	0.002	0.259	0.006
0.008	0.0	0.981	0.011
0.035	0.007	0.904	0.053
0.008	0.05	0.082	0.861
0.002	0.926	0.022	0.051
0.988	0.0	0.008	0.004
0.374	0.121	0.378	0.128
0.409	0.117	0.383	0.091
0.213	0.057	0.565	0.165
0.233	0.127	0.38	0.26

MOTIF EPAS1.H11FULL
letter-probability matrix: alength= 4 w= 9 nsites= 36
0.23	0.256	0.446	0.068
0.166	0.07	0.244	0.52
0.866	0.02	0.108	0.006
0.02	0.912	0.026	0.042
0.016	0.01	0.97	0.004
0.0	0.0	0.002	0.998
0.0	0.0	0.998	0.002
0.374	0.47	0.06	0.096
0.16	0.49	0.134	0.216

MOTIF SMARCA1.H11FULL
letter-probability matrix: alength= 4 w= 12 nsites= 48
0.238	0.494	0.179	0.088
0.449	0.501	0.016	0.034
0.596	0.127	0.091	0.186
0.537	0.0	0.438	0.025
0.045	0.025	0.918	0.011
0.921	0.027	0.041	0.011
0.955	0.009	0.018	0.018
0.091	0.041	0.721	0.147
0.61	0.345	0.025	0.02
0.857	0.043	0.057	0.043
0.259	0.054	0.057	0.63
0.224	0.175	0.381	0.22

MOTIF NR2F1.H11FULL
letter-probability matrix: alength= 4 w= 17 nsites= 68
0.18	0.146	0.54	0.134
0.288	0.074	0.55	0.088
0.248	0.078	0.592	0.082
0.208	0.118	0.59	0.084
0.086	0.15	0.362	0.402
0.132	0.476	0.29	0.102
0.632	0.112	0.194	0.062
0.412	0.048	0.524	0.016
0.726	0.0	0.27	0.004
0.018	0.0	0.912	0.07
0.016	0.01	0.962	0.012
0.01	0.078	0.28	0.632
0.066	0.864	0.042	0.028
0.96	0.004	0.016	0.02
0.204	0.126	0.518	0.152
0.226	0.184	0.494	0.096
0.186	0.168	0.506	0.14

MOTIF ETS2.H11FULL
letter-probability matrix: alength= 4 w= 13 nsites= 52
0.23	0.14	0.436	0.194
0.318	0.146	0.346	0.19
0.322	0.28	0.298	0.1
0.474	0.076	0.366	0.084
0.192	0.008	0.752	0.048
0.004	0.01	0.968	0.018
0.982	0.016	0.0	0.002
0.954	0.018	0.024	0.004
0.382	0.084	0.52	0.014
0.392	0.262	0.198	0.148
0.422	0.048	0.46	0.07
0.33	0.086	0.496	0.088
0.496	0.1	0.32	0.084

MOTIF SREBF2.H11FULL
letter-probability matrix: alength= 4 w= 13 nsites= 52
0.26	0.247	0.375	0.118
0.173	0.302	0.412	0.113
0.211	0.165	0.569	0.055
0.15	0.049	0.061	0.741
0.021	0.033	0.909	0.036
0.052	0.006	0.94	0.002
0.176	0.221	0.491	0.113
0.111	0.23	0.647	0.013
0.289	0.15	0.011	0.55
0.025	0.078	0.872	0.024
0.699	0.02	0.225	0.056
0.157	0.188	0.369	0.285
0.158	0.21	0.451	0.181

MOTIF KLF13.H11FULL
letter-probability matrix: alength= 4 w= 11 nsites= 44
0.352	0.083	0.312	0.252
0.385	0.017	0.431	0.167
0.017	0.0	0.982	0.0
0.001	0.0	0.544	0.455
0.0	0.0	1.0	0.0
0.0	0.0	1.0	0.0
0.0	0.0	1.0	0.0
0.0	0.988	0.0	0.012
0.0	0.0	1.0	0.0
0.187	0.187	0.218	0.409
0.203	0.195	0.397	0.205

MOTIF TFDP1.H11FULL
letter-probability matrix: alength= 4 w= 14 nsites= 56
0.352	0.14	0.398	0.11
0.268	0.128	0.518	0.086
0.33	0.11	0.416	0.144
0.322	0.078	0.428	0.172
0.096	0.114	0.782	0.008
0.032	0.01	0.944	0.014
0.074	0.874	0.014	0.038
0.046	0.016	0.904	0.034
0.008	0.046	0.938	0.008
0.078	0.032	0.878	0.012
0.832	0.02	0.13	0.018
0.632	0.188	0.158	0.022
0.48	0.118	0.254	0.148
0.31	0.18	0.282	0.228

MOTIF GLIS2.H11FULL
letter-probability matrix: alength= 4 w= 14 nsites= 56
0.078	0.746	0.12	0.056
0.193	0.118	0.257	0.432
0.204	0.235	0.051	0.51
0.036	0.629	0.035	0.301
0.04	0.011	0.944	0.005
0.025	0.701	0.009	0.266
0.07	0.001	0.895	0.033
0.001	0.0	0.974	0.026
0.001	0.0	0.998	0.002
0.001	0.001	0.995	0.003
0.001	0.0	0.998	0.0
0.006	0.001	0.988	0.005
0.008	0.125	0.053	0.814
0.29	0.52	0.115	0.075

MOTIF STAT5B.H11FULL
letter-probability matrix: alength= 4 w= 12 nsites= 48
0.156	0.238	0.156	0.45
0.008	0.026	0.008	0.958
0.058	0.016	0.012	0.914
0.01	0.956	0.006	0.028
0.076	0.316	0.014	0.594
0.0	0.0	0.424	0.576
0.47	0.018	0.412	0.1
0.02	0.004	0.938	0.038
0.85	0.034	0.02	0.096
0.97	0.002	0.026	0.002
0.446	0.146	0.194	0.214
0.19	0.254	0.14	0.416

MOTIF ZNF768.H11FULL
letter-probability matrix: alength= 4 w= 20 nsites= 80
0.2	0.137	0.568	0.094
0.672	0.087	0.179	0.061
0.252	0.014	0.667	0.066
0.132	0.035	0.809	0.024
0.118	0.771	0.031	0.08
0.274	0.241	0.005	0.481
0.014	0.972	0.012	0.002
0.983	0.005	0.0	0.012
0.007	0.014	0.979	0.0
0.958	0.014	0.024	0.005
0.028	0.017	0.953	0.002
0.958	0.017	0.019	0.007
0.066	0.038	0.87	0.026
0.035	0.019	0.92	0.026
0.009	0.075	0.285	0.63
0.092	0.175	0.177	0.557
0.601	0.13	0.226	0.042
0.724	0.024	0.196	0.057
0.045	0.064	0.835	0.057
0.12	0.229	0.158	0.493

MOTIF GATA2.H11FULL
letter-probability matrix: alength= 4 w= 19 nsites= 76
0.132	0.452	0.226	0.19
0.124	0.104	0.158	0.614
0.08	0.05	0.652	0.218
0.132	0.222	0.414	0.232
0.272	0.156	0.29	0.282
0.304	0.158	0.306	0.232
0.248	0.198	0.368	0.186
0.27	0.196	0.276	0.258
0.222	0.224	0.268	0.286
0.326	0.114	0.344	0.216
0.192	0.338	0.372	0.098
0.774	0.004	0.008	0.214
0.0	0.0	0.996	0.004
0.986	0.0	0.008	0.006
0.006	0.002	0.016	0.976
0.966	0.006	0.0	0.028
0.844	0.01	0.114	0.032
0.14	0.168	0.628	0.064
0.344	0.192	0.39	0.074

MOTIF PAX2.H11FULL
letter-probability matrix: alength= 4 w= 18 nsites= 72
0.231	0.183	0.412	0.174
0.332	0.275	0.057	0.336
0.057	0.157	0.252	0.534
0.177	0.462	0.183	0.177
0.548	0.16	0.2	0.092
0.195	0.174	0.454	0.177
0.0	0.155	0.019	0.826
0.08	0.584	0.296	0.04
0.823	0.04	0.137	0.0
0.151	0.257	0.094	0.498
0.217	0.059	0.586	0.137
0.263	0.52	0.12	0.097
0.197	0.092	0.511	0.2
0.057	0.24	0.0	0.703
0.08	0.097	0.823	0.0
0.781	0.0	0.04	0.179
0.069	0.611	0.0	0.32
0.515	0.042	0.144	0.299

MOTIF ZNF146.H11FULL
letter-probability matrix: alength= 4 w= 24 nsites= 96
0.0	0.0	0.0	1.0
0.0	0.016	0.024	0.96
0.0	0.002	0.002	0.996
0.007	0.0	0.004	0.989
0.033	0.659	0.051	0.257
0.92	0.04	0.018	0.022
0.06	0.08	0.031	0.829
0.033	0.0	0.865	0.102
0.02	0.002	0.978	0.0
0.0	0.947	0.016	0.038
0.016	0.035	0.0	0.949
0.029	0.009	0.958	0.004
0.348	0.459	0.002	0.191
0.727	0.02	0.253	0.0
0.0	0.0	0.0	1.0
0.978	0.007	0.009	0.007
0.322	0.062	0.608	0.009
0.0	0.007	0.0	0.993
0.976	0.0	0.02	0.004
0.0	0.095	0.007	0.898
0.0	0.0	0.0	1.0
0.0	0.991	0.0	0.009
0.007	0.947	0.0	0.047
0.867	0.031	0.073	0.029

MOTIF SMAD2.H11FULL
letter-probability matrix: alength= 4 w= 12 nsites= 48
0.214	0.074	0.048	0.664
0.044	0.074	0.854	0.028
0.052	0.12	0.146	0.682
0.004	0.966	0.008	0.022
0.02	0.02	0.0	0.96
0.122	0.216	0.604	0.058
0.162	0.268	0.25	0.32
0.032	0.9	0.028	0.04
0.536	0.118	0.054	0.292
0.048	0.804	0.11	0.038
0.16	0.604	0.008	0.228
0.092	0.262	0.108	0.538

MOTIF PBX2.H11FULL
letter-probability matrix: alength= 4 w= 15 nsites= 60
0.04	0.147	0.35	0.464
0.437	0.101	0.373	0.089
0.538	0.209	0.203	0.051
0.519	0.165	0.057	0.259
0.057	0.051	0.323	0.57
0.057	0.051	0.0	0.892
0.051	0.0	0.816	0.133
0.791	0.0	0.158	0.051
0.0	0.165	0.0	0.835
0.108	0.0	0.0	0.892
0.0	0.0	0.785	0.215
0.709	0.032	0.108	0.152
0.272	0.114	0.0	0.614
0.165	0.0	0.437	0.399
0.171	0.234	0.399	0.196

MOTIF KLF16.H11FULL
letter-probability matrix: alength= 4 w= 19 nsites= 76
0.193	0.162	0.45	0.195
0.098	0.121	0.53	0.252
0.061	0.033	0.86	0.046
0.008	0.022	0.95	0.02
0.034	0.008	0.92	0.037
0.128	0.485	0.012	0.375
0.046	0.013	0.892	0.049
0.039	0.03	0.565	0.365
0.067	0.005	0.873	0.056
0.155	0.049	0.525	0.271
0.14	0.268	0.358	0.234
0.189	0.088	0.592	0.131
0.074	0.032	0.809	0.085
0.062	0.065	0.788	0.086
0.077	0.069	0.677	0.177
0.072	0.109	0.698	0.121
0.058	0.126	0.711	0.105
0.042	0.105	0.714	0.14
0.103	0.146	0.523	0.228

MOTIF NR1H2.H11FULL
letter-probability matrix: alength= 4 w= 19 nsites= 76
0.042	0.042	0.042	0.875
0.708	0.208	0.0	0.083
0.708	0.0	0.208	0.083
0.792	0.0	0.208	0.0
0.0	0.0	1.0	0.0
0.0	0.0	0.958	0.042
0.0	0.0	0.0	1.0
0.0	1.0	0.0	0.0
1.0	0.0	0.0	0.0
1.0	0.0	0.0	0.0
1.0	0.0	0.0	0.0
0.0	0.0	1.0	0.0
0.0	0.0	1.0	0.0
0.0	0.0	0.0	1.0
0.0	1.0	0.0	0.0
1.0	0.0	0.0	0.0
0.833	0.0	0.083	0.083
0.0	0.625	0.25	0.125
0.0	0.042	0.625	0.333

MOTIF MYBL1.H11FULL
letter-probability matrix: alength= 4 w= 15 nsites= 60
0.352	0.198	0.332	0.118
0.096	0.188	0.586	0.13
0.15	0.252	0.158	0.44
0.134	0.034	0.792	0.04
0.162	0.016	0.766	0.056
0.012	0.97	0.014	0.004
0.432	0.274	0.284	0.01
0.0	0.004	0.99	0.006
0.0	0.012	0.004	0.984
0.002	0.002	0.004	0.992
0.336	0.032	0.538	0.094
0.184	0.318	0.458	0.04
0.372	0.224	0.254	0.15
0.208	0.182	0.522	0.088
0.338	0.214	0.33	0.118

MOTIF CXXC1.H11FULL
letter-probability matrix: alength= 4 w= 7 nsites= 28
0.087	0.74	0.01	0.164
0.0	0.0	0.949	0.051
0.07	0.096	0.301	0.532
0.0	0.0	0.147	0.853
0.09	0.013	0.628	0.269
0.051	0.013	0.487	0.449
0.154	0.538	0.038	0.269

MOTIF NFE2L2.H11FULL
letter-probability matrix: alength= 4 w= 14 nsites= 56
0.518	0.048	0.118	0.316
0.474	0.102	0.086	0.338
0.176	0.356	0.142	0.326
0.076	0.046	0.02	0.858
0.01	0.02	0.954	0.016
0.02	0.966	0.006	0.008
0.054	0.05	0.004	0.892
0.032	0.038	0.874	0.056
0.908	0.012	0.012	0.068
0.024	0.142	0.816	0.018
0.002	0.008	0.004	0.986
0.008	0.992	0.0	0.0
0.998	0.002	0.0	0.0
0.006	0.26	0.048	0.686

MOTIF ESRRA.H11FULL
letter-probability matrix: alength= 4 w= 15 nsites= 60
0.102	0.408	0.229	0.261
0.077	0.391	0.049	0.482
0.102	0.683	0.183	0.032
0.915	0.007	0.067	0.011
0.972	0.0	0.028	0.0
0.004	0.0	0.989	0.007
0.007	0.004	0.989	0.0
0.063	0.004	0.046	0.887
0.0	0.923	0.053	0.025
0.986	0.004	0.007	0.004
0.236	0.43	0.141	0.194
0.419	0.197	0.183	0.201
0.148	0.345	0.303	0.204
0.412	0.173	0.194	0.222
0.208	0.243	0.398	0.151

MOTIF E2F4.H11FULL
letter-probability matrix: alength= 4 w= 13 nsites= 52
0.146	0.258	0.506	0.09
0.278	0.096	0.462	0.164
0.244	0.1	0.526	0.13
0.1	0.188	0.696	0.016
0.004	0.036	0.958	0.002
0.012	0.974	0.0	0.014
0.036	0.002	0.946	0.016
0.004	0.038	0.95	0.008
0.09	0.014	0.894	0.002
0.716	0.022	0.25	0.012
0.536	0.2	0.222	0.042
0.382	0.188	0.282	0.148
0.254	0.114	0.306	0.326

MOTIF JUN.H11FULL
letter-probability matrix: alength= 4 w= 11 nsites= 44
0.232	0.144	0.404	0.22
0.498	0.162	0.308	0.032
0.016	0.004	0.018	0.962
0.024	0.014	0.922	0.04
0.978	0.004	0.006	0.012
0.0	0.0	0.948	0.052
0.006	0.024	0.008	0.962
0.024	0.956	0.016	0.004
0.976	0.004	0.008	0.012
0.018	0.358	0.118	0.506
0.256	0.378	0.122	0.244

MOTIF NFIC.H11FULL
letter-probability matrix: alength= 4 w= 17 nsites= 68
0.118	0.488	0.212	0.182
0.076	0.436	0.036	0.452
0.066	0.022	0.168	0.744
0.014	0.008	0.916	0.062
0.042	0.032	0.89	0.036
0.204	0.68	0.058	0.058
0.318	0.254	0.064	0.364
0.092	0.414	0.252	0.242
0.0	0.602	0.0	0.398
0.234	0.4	0.174	0.192
0.286	0.09	0.18	0.444
0.02	0.088	0.628	0.264
0.024	0.858	0.046	0.072
0.018	0.962	0.008	0.012
0.67	0.244	0.014	0.072
0.456	0.07	0.378	0.096
0.214	0.222	0.458	0.106

MOTIF HOXB2.H11FULL
letter-probability matrix: alength= 4 w= 15 nsites= 60
0.231	0.181	0.169	0.419
0.538	0.176	0.233	0.052
0.067	0.013	0.893	0.027
0.927	0.02	0.015	0.039
0.907	0.017	0.01	0.067
0.145	0.402	0.188	0.264
0.345	0.24	0.321	0.093
0.055	0.014	0.014	0.917
0.021	0.005	0.033	0.94
0.0	1.0	0.0	0.0
0.0	0.126	0.121	0.752
0.839	0.06	0.093	0.008
0.008	0.001	0.991	0.001
0.946	0.024	0.008	0.022
0.48	0.165	0.163	0.192

MOTIF TCF12.H11FULL
letter-probability matrix: alength= 4 w= 10 nsites= 40
0.296	0.12	0.262	0.322
0.142	0.34	0.494	0.024
0.022	0.948	0.022	0.008
0.844	0.014	0.006	0.136
0.014	0.12	0.838	0.028
0.056	0.61	0.318	0.016
0.018	0.0	0.01	0.972
0.004	0.008	0.94	0.048
0.098	0.032	0.318	0.552
0.018	0.16	0.674	0.148

MOTIF PPARG.H11FULL
letter-probability matrix: alength= 4 w= 17 nsites= 68
0.47	0.254	0.164	0.112
0.488	0.026	0.126	0.36
0.092	0.36	0.418	0.13
0.11	0.122	0.208	0.56
0.388	0.022	0.536	0.054
0.068	0.0	0.84	0.092
0.128	0.026	0.8	0.046
0.1	0.122	0.43	0.348
0.056	0.552	0.302	0.09
0.898	0.018	0.068	0.016
0.574	0.048	0.334	0.044
0.79	0.006	0.198	0.006
0.072	0.006	0.892	0.03
0.068	0.004	0.804	0.124
0.052	0.076	0.32	0.552
0.12	0.618	0.178	0.084
0.754	0.06	0.116	0.07

MOTIF CEBPB.H11FULL
letter-probability matrix: alength= 4 w= 12 nsites= 48
0.238	0.099	0.352	0.311
0.454	0.132	0.388	0.026
0.0	0.002	0.002	0.996
0.0	0.0	0.3	0.7
0.302	0.002	0.513	0.183
0.167	0.26	0.081	0.491
0.0	0.0	1.0	0.0
0.081	0.899	0.0	0.02
1.0	0.0	0.0	0.0
1.0	0.0	0.0	0.0
0.0	0.244	0.148	0.608
0.37	0.333	0.183	0.115

MOTIF TCF7L2.H11FULL
letter-probability matrix: alength= 4 w= 13 nsites= 52
0.098	0.35	0.308	0.244
0.086	0.544	0.174	0.196
0.02	0.852	0.016	0.112
0.016	0.032	0.0	0.952
0.002	0.054	0.032	0.912
0.016	0.0	0.004	0.98
0.032	0.162	0.78	0.026
0.892	0.012	0.016	0.08
0.252	0.008	0.016	0.724
0.024	0.424	0.536	0.016
0.098	0.176	0.05	0.676
0.088	0.256	0.352	0.304
0.124	0.23	0.36	0.286

MOTIF MYC.H11FULL
letter-probability matrix: alength= 4 w= 11 nsites= 44
0.22	0.21	0.43	0.14
0.168	0.75	0.052	0.03
0.02	0.97	0.004	0.006
0.872	0.006	0.086	0.036
0.002	0.688	0.004	0.306
0.02	0.022	0.956	0.002
0.014	0.038	0.0	0.948
0.004	0.008	0.976	0.012
0.05	0.574	0.218	0.158
0.196	0.198	0.164	0.442
0.068	0.382	0.202	0.348

MOTIF BHLHE40.H11FULL
letter-probability matrix: alength= 4 w= 10 nsites= 40
0.346	0.084	0.37	0.2
0.17	0.014	0.628	0.188
0.098	0.898	0.002	0.002
0.944	0.012	0.016	0.028
0.008	0.93	0.016	0.046
0.052	0.042	0.9	0.006
0.046	0.014	0.046	0.894
0.002	0.0	0.998	0.0
0.584	0.234	0.116	0.066
0.092	0.458	0.38	0.07

MOTIF HMGA2.H11FULL
letter-probability matrix: alength= 4 w= 15 nsites= 60
0.951	0.016	0.016	0.016
0.724	0.0	0.0	0.276
0.158	0.0	0.0	0.842
0.592	0.0	0.0	0.408
0.526	0.026	0.013	0.434
0.171	0.276	0.118	0.434
0.0	0.553	0.395	0.053
0.026	0.329	0.618	0.026
0.0	0.5	0.434	0.066
0.026	0.421	0.539	0.013
0.947	0.0	0.039	0.013
0.789	0.013	0.0	0.197
0.026	0.013	0.0	0.961
0.789	0.0	0.013	0.197
0.02	0.02	0.02	0.941

MOTIF SOX9.H11FULL
letter-probability matrix: alength= 4 w= 16 nsites= 64
0.804	0.138	0.044	0.014
0.88	0.004	0.056	0.06
0.412	0.006	0.288	0.294
0.214	0.05	0.608	0.128
0.234	0.194	0.522	0.05
0.234	0.258	0.338	0.17
0.19	0.282	0.298	0.23
0.066	0.428	0.256	0.25
0.036	0.796	0.062	0.106
0.402	0.078	0.014	0.506
0.0	0.136	0.094	0.77
0.0	0.0	0.0	1.0
0.004	0.004	0.99	0.002
0.012	0.002	0.0	0.986
0.038	0.132	0.194	0.636
0.056	0.566	0.07	0.308

MOTIF E4F1.H11FULL
letter-probability matrix: alength= 4 w= 9 nsites= 36
0.169	0.426	0.169	0.236
0.068	0.0	0.811	0.122
0.0	0.0	0.0	1.0
0.0	0.0	0.527	0.473
1.0	0.0	0.0	0.0
0.0	1.0	0.0	0.0
0.0	0.0	1.0	0.0
0.135	0.0	0.0	0.865
0.186	0.578	0.118	0.118

MOTIF CREB3.H11FULL
letter-probability matrix: alength= 4 w= 13 nsites= 52
0.116	0.202	0.245	0.438
0.142	0.132	0.583	0.142
0.487	0.003	0.508	0.003
0.011	0.0	0.0	0.989
0.0	0.011	0.989	0.0
1.0	0.0	0.0	0.0
0.0	1.0	0.0	0.0
0.0	0.0	1.0	0.0
0.0	0.0	0.0	1.0
0.019	0.094	0.879	0.008
0.094	0.008	0.728	0.169
0.228	0.691	0.013	0.067
0.516	0.129	0.204	0.151

MOTIF ZNF384.H11FULL
letter-probability matrix: alength= 4 w= 12 nsites= 48
0.139	0.141	0.656	0.064
0.0	0.411	0.589	0.0
1.0	0.0	0.0	0.0
1.0	0.0	0.0	0.0
1.0	0.0	0.0	0.0
1.0	0.0	0.0	0.0
1.0	0.0	0.0	0.0
0.36	0.257	0.357	0.026
0.129	0.309	0.154	0.409
0.231	0.409	0.18	0.18
0.103	0.206	0.434	0.257
0.161	0.338	0.392	0.109

MOTIF STAT6.H11FULL
letter-probability matrix: alength= 4 w= 11 nsites= 44
0.014	0.118	0.072	0.796
0.034	0.038	0.054	0.874
0.084	0.868	0.016	0.032
0.184	0.24	0.034	0.542
0.078	0.48	0.324	0.118
0.526	0.18	0.002	0.292
0.262	0.012	0.692	0.034
0.032	0.006	0.932	0.03
0.942	0.032	0.018	0.008
0.926	0.01	0.054	0.01
0.424	0.208	0.324	0.044

MOTIF PITX1.H11FULL
letter-probability matrix: alength= 4 w= 9 nsites= 36
0.374	0.144	0.35	0.132
0.228	0.024	0.57	0.178
0.058	0.0	0.932	0.01
0.036	0.008	0.948	0.008
0.592	0.39	0.004	0.014
0.002	0.004	0.002	0.992
0.004	0.066	0.018	0.912
0.668	0.002	0.016	0.314
0.458	0.062	0.368	0.112

MOTIF CBFB.H11FULL
letter-probability matrix: alength= 4 w= 11 nsites= 44
0.015	0.264	0.179	0.542
0.042	0.418	0.133	0.406
0.03	0.0	0.048	0.921
0.0	0.152	0.812	0.036
0.0	0.248	0.0	0.752
0.073	0.0	0.927	0.0
0.036	0.0	0.964	0.0
0.0	0.0	0.236	0.764
0.055	0.424	0.048	0.473
0.382	0.036	0.188	0.394
0.055	0.321	0.339	0.285

MOTIF SOX13.H11FULL
letter-probability matrix: alength= 4 w= 8 nsites= 32
0.161	0.375	0.161	0.304
0.786	0.0	0.0	0.214
0.0	0.0	0.0	1.0
0.0	0.0	0.0	1.0
0.214	0.0	0.786	0.0
0.0	0.0	0.0	1.0
0.0	0.143	0.214	0.643
0.161	0.375	0.161	0.304

MOTIF MECP2.H11FULL
letter-probability matrix: alength= 4 w= 7 nsites= 28
0.025	0.592	0.358	0.025
0.0	1.0	0.0	0.0
0.0	1.0	0.0	0.0
0.0	0.0	1.0	0.0
0.0	0.0	1.0	0.0
0.575	0.0	0.425	0.0
0.442	0.0	0.558	0.0

MOTIF NR2C1.H11FULL
letter-probability matrix: alength= 4 w= 13 nsites= 52
0.219	0.112	0.615	0.053
0.053	0.331	0.444	0.172
0.107	0.556	0.053	0.284
0.266	0.45	0.225	0.059
0.675	0.0	0.325	0.0
0.231	0.16	0.55	0.059
0.947	0.0	0.053	0.0
0.0	0.0	1.0	0.0
0.0	0.0	0.775	0.225
0.0	0.0	0.0	1.0
0.0	1.0	0.0	0.0
0.941	0.0	0.0	0.059
0.093	0.265	0.377	0.265

MOTIF JUNB.H11FULL
letter-probability matrix: alength= 4 w= 11 nsites= 44
0.274	0.098	0.304	0.324
0.264	0.348	0.274	0.114
0.032	0.008	0.012	0.948
0.004	0.034	0.89	0.072
0.934	0.002	0.0	0.064
0.0	0.0	0.954	0.046
0.012	0.012	0.0	0.976
0.05	0.926	0.014	0.01
0.978	0.008	0.004	0.01
0.074	0.366	0.262	0.298
0.318	0.35	0.13	0.202

MOTIF TEAD1.H11FULL
letter-probability matrix: alength= 4 w= 12 nsites= 48
0.484	0.028	0.43	0.058
0.194	0.76	0.04	0.006
0.978	0.012	0.002	0.008
0.004	0.008	0.002	0.986
0.048	0.006	0.07	0.876
0.004	0.932	0.036	0.028
0.008	0.9	0.004	0.088
0.534	0.042	0.014	0.41
0.176	0.136	0.544	0.144
0.162	0.386	0.338	0.114
0.24	0.486	0.176	0.098
0.43	0.194	0.116	0.26

MOTIF RARA.H11FULL
letter-probability matrix: alength= 4 w= 20 nsites= 80
0.261	0.124	0.551	0.064
0.21	0.112	0.551	0.126
0.371	0.056	0.465	0.108
0.285	0.092	0.433	0.19
0.168	0.208	0.555	0.068
0.395	0.094	0.357	0.154
0.102	0.156	0.244	0.497
0.11	0.507	0.261	0.122
0.443	0.23	0.192	0.134
0.429	0.068	0.355	0.148
0.367	0.05	0.549	0.034
0.812	0.006	0.168	0.014
0.042	0.0	0.95	0.008
0.02	0.01	0.509	0.461
0.016	0.046	0.066	0.872
0.002	0.938	0.04	0.02
0.984	0.0	0.004	0.012
0.563	0.108	0.257	0.072
0.178	0.052	0.699	0.07
0.112	0.086	0.737	0.064

MOTIF STAT1.H11FULL
letter-probability matrix: alength= 4 w= 19 nsites= 76
0.202	0.428	0.12	0.25
0.094	0.568	0.17	0.168
0.132	0.556	0.11	0.202
0.294	0.356	0.204	0.146
0.086	0.206	0.1	0.608
0.002	0.016	0.004	0.978
0.008	0.006	0.012	0.974
0.03	0.964	0.002	0.004
0.038	0.822	0.002	0.138
0.234	0.304	0.142	0.32
0.268	0.026	0.682	0.024
0.032	0.014	0.804	0.15
0.944	0.038	0.01	0.008
0.988	0.002	0.004	0.006
0.58	0.106	0.232	0.082
0.274	0.196	0.11	0.42
0.058	0.588	0.248	0.106
0.342	0.262	0.068	0.328
0.134	0.534	0.138	0.194

MOTIF VEZF1.H11FULL
letter-probability matrix: alength= 4 w= 22 nsites= 88
0.23	0.088	0.544	0.138
0.212	0.108	0.636	0.044
0.296	0.062	0.548	0.094
0.306	0.076	0.544	0.074
0.506	0.088	0.35	0.056
0.342	0.06	0.5	0.098
0.194	0.112	0.644	0.05
0.264	0.112	0.498	0.126
0.296	0.064	0.584	0.056
0.058	0.012	0.86	0.07
0.018	0.118	0.83	0.034
0.822	0.086	0.012	0.08
0.248	0.026	0.704	0.022
0.206	0.08	0.67	0.044
0.274	0.046	0.584	0.096
0.21	0.032	0.646	0.112
0.15	0.124	0.672	0.054
0.464	0.182	0.272	0.082
0.212	0.098	0.568	0.122
0.382	0.022	0.542	0.054
0.308	0.066	0.558	0.068
0.336	0.042	0.524	0.098

MOTIF TFE3.H11FULL
letter-probability matrix: alength= 4 w= 10 nsites= 40
0.319	0.043	0.484	0.154
0.133	0.011	0.848	0.009
0.021	0.028	0.043	0.908
0.017	0.949	0.028	0.006
0.961	0.011	0.019	0.009
0.015	0.934	0.015	0.036
0.152	0.019	0.814	0.015
0.017	0.03	0.036	0.916
0.013	0.002	0.972	0.013
0.803	0.045	0.122	0.03

MOTIF SOX4.H11FULL
letter-probability matrix: alength= 4 w= 12 nsites= 48
0.04	0.334	0.236	0.39
0.018	0.532	0.122	0.328
0.006	0.804	0.008	0.182
0.106	0.03	0.01	0.854
0.004	0.016	0.036	0.944
0.002	0.012	0.026	0.96
0.022	0.092	0.848	0.038
0.012	0.02	0.014	0.954
0.014	0.334	0.12	0.532
0.028	0.574	0.088	0.31
0.056	0.362	0.162	0.42
0.12	0.38	0.206	0.294

MOTIF HLTF.H11FULL
letter-probability matrix: alength= 4 w= 12 nsites= 48
0.15	0.15	0.339	0.361
0.678	0.0	0.322	0.0
0.3	0.178	0.322	0.2
0.0	0.0	0.622	0.378
0.1	0.0	0.611	0.289
0.289	0.711	0.0	0.0
0.2	0.089	0.0	0.711
0.0	0.089	0.911	0.0
0.0	0.589	0.411	0.0
0.611	0.389	0.0	0.0
0.9	0.0	0.0	0.1
0.539	0.361	0.05	0.05

MOTIF SRF.H11FULL
letter-probability matrix: alength= 4 w= 18 nsites= 72
0.13	0.206	0.092	0.573
0.122	0.191	0.107	0.58
0.145	0.153	0.397	0.305
0.031	0.924	0.015	0.031
0.0	0.939	0.008	0.053
0.321	0.076	0.031	0.573
0.13	0.053	0.031	0.786
0.603	0.023	0.046	0.328
0.0	0.008	0.008	0.985
0.527	0.046	0.0	0.427
0.191	0.023	0.008	0.779
0.053	0.023	0.924	0.0
0.038	0.008	0.954	0.0
0.107	0.214	0.344	0.336
0.16	0.588	0.153	0.099
0.489	0.076	0.092	0.344
0.168	0.153	0.214	0.466
0.313	0.115	0.321	0.252

MOTIF SP3.H11FULL
letter-probability matrix: alength= 4 w= 20 nsites= 80
0.208	0.226	0.419	0.147
0.176	0.218	0.475	0.131
0.228	0.22	0.439	0.113
0.276	0.219	0.389	0.115
0.172	0.2	0.555	0.074
0.121	0.075	0.638	0.166
0.139	0.002	0.855	0.004
0.002	0.01	0.977	0.01
0.01	0.02	0.966	0.005
0.234	0.628	0.051	0.087
0.044	0.034	0.89	0.031
0.007	0.015	0.872	0.106
0.189	0.035	0.719	0.056
0.095	0.133	0.735	0.037
0.114	0.554	0.239	0.093
0.112	0.367	0.316	0.205
0.258	0.133	0.45	0.16
0.201	0.167	0.516	0.116
0.164	0.265	0.456	0.116
0.182	0.242	0.45	0.126

MOTIF FOXD1.H11FULL
letter-probability matrix: alength= 4 w= 15 nsites= 60
0.119	0.568	0.119	0.193
0.378	0.11	0.073	0.438
0.354	0.171	0.097	0.378
0.037	0.037	0.073	0.853
0.037	0.244	0.683	0.037
0.037	0.037	0.037	0.89
0.0	0.0	0.037	0.963
0.0	0.0	0.037	0.963
0.927	0.0	0.037	0.037
0.0	0.853	0.11	0.037
0.305	0.244	0.073	0.378
0.207	0.073	0.0	0.719
0.452	0.207	0.073	0.268
0.425	0.244	0.22	0.11
0.262	0.239	0.48	0.018

MOTIF HIF1A.H11FULL
letter-probability matrix: alength= 4 w= 8 nsites= 32
0.212	0.164	0.528	0.096
0.234	0.05	0.418	0.298
0.826	0.012	0.156	0.006
0.134	0.802	0.01	0.054
0.028	0.002	0.97	0.0
0.008	0.008	0.0	0.984
0.0	0.004	0.994	0.002
0.286	0.522	0.086	0.106

MOTIF MBD2.H11FULL
letter-probability matrix: alength= 4 w= 11 nsites= 44
0.152	0.402	0.402	0.045
0.054	0.393	0.464	0.089
0.0	0.25	0.75	0.0
0.0	0.0	0.518	0.482
0.0	1.0	0.0	0.0
0.0	1.0	0.0	0.0
0.0	0.0	1.0	0.0
0.0	0.0	1.0	0.0
0.536	0.357	0.107	0.0
0.107	0.107	0.589	0.196
0.321	0.125	0.482	0.071

MOTIF ELK1.H11FULL
letter-probability matrix: alength= 4 w= 11 nsites= 44
0.504	0.13	0.262	0.104
0.12	0.784	0.09	0.006
0.124	0.84	0.002	0.034
0.008	0.004	0.986	0.002
0.006	0.002	0.992	0.0
0.998	0.002	0.0	0.0
0.986	0.0	0.004	0.01
0.08	0.03	0.826	0.064
0.028	0.168	0.028	0.776
0.116	0.11	0.644	0.13
0.318	0.254	0.362	0.066

MOTIF ETV5.H11FULL
letter-probability matrix: alength= 4 w= 14 nsites= 56
0.328	0.18	0.382	0.11
0.456	0.088	0.328	0.128
0.298	0.098	0.494	0.11
0.2	0.418	0.346	0.036
0.84	0.036	0.084	0.04
0.016	0.006	0.962	0.016
0.044	0.016	0.936	0.004
0.794	0.068	0.102	0.036
0.946	0.006	0.012	0.036
0.372	0.062	0.548	0.018
0.228	0.1	0.232	0.44
0.218	0.106	0.538	0.138
0.406	0.12	0.386	0.088
0.272	0.216	0.374	0.138

MOTIF ZBTB17.H11FULL
letter-probability matrix: alength= 4 w= 19 nsites= 76
0.184	0.238	0.436	0.142
0.388	0.156	0.3	0.156
0.28	0.054	0.54	0.126
0.212	0.08	0.61	0.098
0.2	0.136	0.572	0.092
0.32	0.128	0.094	0.458
0.14	0.04	0.812	0.008
0.204	0.026	0.68	0.09
0.238	0.034	0.684	0.044
0.152	0.006	0.79	0.052
0.072	0.074	0.85	0.004
0.696	0.2	0.002	0.102
0.198	0.032	0.538	0.232
0.052	0.016	0.886	0.046
0.232	0.022	0.726	0.02
0.256	0.008	0.71	0.026
0.528	0.276	0.136	0.06
0.42	0.062	0.332	0.186
0.258	0.114	0.508	0.12

MOTIF ZNF263.H11FULL
letter-probability matrix: alength= 4 w= 20 nsites= 80
0.202	0.034	0.711	0.052
0.024	0.02	0.92	0.036
0.018	0.022	0.958	0.002
0.984	0.014	0.0	0.002
0.048	0.002	0.91	0.04
0.026	0.11	0.848	0.016
0.938	0.008	0.046	0.008
0.104	0.21	0.635	0.05
0.044	0.166	0.629	0.16
0.343	0.16	0.425	0.072
0.417	0.15	0.341	0.092
0.11	0.114	0.717	0.058
0.413	0.11	0.391	0.086
0.232	0.108	0.591	0.068
0.188	0.092	0.621	0.098
0.421	0.114	0.381	0.084
0.222	0.126	0.553	0.098
0.176	0.136	0.569	0.118
0.439	0.104	0.353	0.104
0.289	0.12	0.525	0.066

MOTIF USF1.H11FULL
letter-probability matrix: alength= 4 w= 12 nsites= 48
0.242	0.156	0.481	0.121
0.102	0.013	0.885	0.0
0.019	0.021	0.023	0.938
0.0	1.0	0.0	0.0
0.994	0.0	0.002	0.004
0.0	0.96	0.013	0.027
0.169	0.006	0.825	0.0
0.004	0.008	0.002	0.985
0.0	0.0	1.0	0.0
0.406	0.167	0.387	0.04
0.048	0.469	0.244	0.24
0.096	0.485	0.306	0.112

MOTIF YY1.H11FULL
letter-probability matrix: alength= 4 w= 12 nsites= 48
0.21	0.636	0.093	0.062
0.969	0.0	0.031	0.0
0.958	0.015	0.011	0.015
0.298	0.104	0.55	0.049
0.996	0.0	0.002	0.002
0.0	0.002	0.007	0.991
0.0	0.0	1.0	0.0
0.011	0.0	0.98	0.009
0.024	0.969	0.0	0.007
0.031	0.128	0.709	0.132
0.106	0.119	0.702	0.073
0.128	0.744	0.051	0.077

MOTIF ZBTB7B.H11FULL
letter-probability matrix: alength= 4 w= 21 nsites= 84
0.117	0.399	0.291	0.192
0.12	0.343	0.367	0.17
0.056	0.55	0.226	0.168
0.106	0.393	0.341	0.159
0.004	0.0	0.996	0.0
0.0	0.02	0.002	0.978
0.017	0.116	0.012	0.854
0.09	0.002	0.853	0.055
0.0	0.926	0.0	0.074
0.0	0.783	0.003	0.215
0.753	0.065	0.104	0.078
0.148	0.06	0.259	0.534
0.049	0.005	0.946	0.0
0.082	0.059	0.851	0.008
0.291	0.362	0.183	0.164
0.457	0.032	0.437	0.073
0.726	0.15	0.091	0.033
0.055	0.814	0.048	0.083
0.196	0.318	0.419	0.067
0.182	0.21	0.529	0.079
0.129	0.334	0.428	0.108

MOTIF GATA5.H11FULL
letter-probability matrix: alength= 4 w= 17 nsites= 68
0.31	0.078	0.086	0.526
0.397	0.293	0.233	0.078
0.707	0.138	0.078	0.078
0.302	0.164	0.319	0.216
0.526	0.0	0.164	0.31
0.0	0.0	1.0	0.0
1.0	0.0	0.0	0.0
0.0	0.0	0.0	1.0
0.69	0.0	0.0	0.31
0.69	0.0	0.147	0.164
0.078	0.457	0.224	0.241
0.155	0.216	0.155	0.474
0.155	0.293	0.147	0.405
0.44	0.078	0.31	0.172
0.388	0.0	0.534	0.078
0.397	0.31	0.078	0.216
0.194	0.116	0.272	0.418

MOTIF MAFG.H11FULL
letter-probability matrix: alength= 4 w= 18 nsites= 72
0.395	0.128	0.309	0.167
0.493	0.049	0.188	0.27
0.598	0.012	0.086	0.305
0.495	0.04	0.037	0.428
0.256	0.263	0.209	0.272
0.058	0.072	0.009	0.86
0.0	0.0	1.0	0.0
0.03	0.963	0.002	0.005
0.005	0.009	0.0	0.986
0.0	0.0	0.993	0.007
0.998	0.0	0.002	0.0
0.021	0.553	0.414	0.012
0.049	0.03	0.014	0.907
0.084	0.814	0.051	0.051
0.814	0.0	0.109	0.077
0.03	0.0	0.837	0.133
0.016	0.9	0.072	0.012
0.709	0.044	0.1	0.147

MOTIF RFX5.H11FULL
letter-probability matrix: alength= 4 w= 20 nsites= 80
0.19	0.218	0.478	0.114
0.128	0.16	0.23	0.482
0.132	0.534	0.184	0.15
0.49	0.21	0.196	0.104
0.09	0.334	0.35	0.226
0.08	0.574	0.114	0.232
0.256	0.068	0.21	0.466
0.02	0.012	0.96	0.008
0.01	0.08	0.054	0.856
0.09	0.134	0.016	0.76
0.15	0.044	0.694	0.112
0.024	0.906	0.008	0.062
0.016	0.434	0.02	0.53
0.626	0.016	0.334	0.024
0.128	0.036	0.646	0.19
0.05	0.056	0.87	0.024
0.142	0.394	0.314	0.15
0.532	0.156	0.21	0.102
0.308	0.108	0.52	0.064
0.55	0.148	0.22	0.082

MOTIF HOXC6.H11FULL
letter-probability matrix: alength= 4 w= 15 nsites= 60
0.663	0.021	0.146	0.171
0.0	0.0	0.0	1.0
0.0	0.0	1.0	0.0
1.0	0.0	0.0	0.0
0.0	0.0	0.0	1.0
0.0	0.0	0.0	1.0
0.0	0.0	0.15	0.85
1.0	0.0	0.0	0.0
0.0	0.0	0.0	1.0
0.0	0.0	0.15	0.85
0.725	0.083	0.042	0.15
0.0	0.767	0.15	0.083
0.15	0.0	0.0	0.85
0.0	0.0	0.0	1.0
0.021	0.021	0.171	0.788

MOTIF SP1.H11FULL
letter-probability matrix: alength= 4 w= 22 nsites= 88
0.315	0.206	0.333	0.146
0.192	0.1	0.669	0.038
0.044	0.008	0.81	0.138
0.058	0.008	0.934	0.0
0.0	0.008	0.992	0.0
0.004	0.0	0.996	0.0
0.032	0.954	0.004	0.01
0.01	0.0	0.988	0.002
0.002	0.008	0.926	0.064
0.066	0.002	0.916	0.016
0.018	0.03	0.912	0.04
0.06	0.868	0.014	0.058
0.058	0.595	0.19	0.156
0.144	0.112	0.463	0.281
0.082	0.176	0.705	0.036
0.114	0.166	0.681	0.038
