>SP3.H11FULL
0.208	0.226	0.419	0.147
0.176	0.218	0.475	0.131
0.228	0.22	0.439	0.113
0.276	0.219	0.389	0.115
0.172	0.2	0.555	0.074
0.121	0.075	0.638	0.166
0.139	0.002	0.855	0.004
0.002	0.01	0.977	0.01
0.01	0.02	0.966	0.005
0.234	0.628	0.051	0.087
0.044	0.034	0.89	0.031
0.007	0.015	0.872	0.106
0.189	0.035	0.719	0.056
0.095	0.133	0.735	0.037
0.114	0.554	0.239	0.093
0.112	0.367	0.316	0.205
0.258	0.133	0.45	0.16
0.201	0.167	0.516	0.116
0.164	0.265	0.456	0.116
0.182	0.242	0.45	0.126
