>SP4.H11FULL
0.222	0.248	0.455	0.074
0.267	0.148	0.463	0.122
0.14	0.18	0.605	0.074
0.405	0.251	0.248	0.096
0.527	0.112	0.224	0.136
0.347	0.026	0.549	0.078
0.23	0.018	0.637	0.114
0.343	0.02	0.615	0.022
0.068	0.012	0.902	0.018
0.036	0.004	0.936	0.024
0.124	0.77	0.01	0.096
0.056	0.016	0.856	0.072
0.054	0.018	0.862	0.066
0.353	0.03	0.567	0.05
0.214	0.01	0.747	0.028
0.198	0.597	0.142	0.062
0.248	0.415	0.124	0.212
0.327	0.078	0.365	0.23
0.303	0.112	0.499	0.086
0.333	0.142	0.431	0.094
