>ZIM3.H11FULL
0.127	0.151	0.257	0.465
0.123	0.083	0.244	0.55
0.42	0.036	0.469	0.074
0.021	0.002	0.911	0.066
0.195	0.193	0.433	0.178
0.138	0.053	0.019	0.79
0.002	0.002	0.0	0.996
0.011	0.013	0.062	0.915
0.0	1.0	0.0	0.0
0.0	0.0	0.0	1.0
0.002	0.021	0.949	0.028
0.036	0.008	0.0	0.955
0.0	0.004	0.0	0.996
0.214	0.083	0.433	0.27
0.13	0.484	0.115	0.272
0.108	0.293	0.07	0.529
0.195	0.132	0.195	0.478
0.151	0.18	0.439	0.229
0.132	0.41	0.115	0.344
