>ZKSCAN1.H11FULL
0.274	0.124	0.154	0.448
0.236	0.14	0.518	0.106
0.436	0.222	0.102	0.24
0.308	0.1	0.458	0.134
0.11	0.284	0.424	0.182
0.418	0.232	0.172	0.178
0.028	0.934	0.022	0.016
0.054	0.88	0.004	0.062
0.004	0.176	0.048	0.772
0.918	0.038	0.022	0.022
0.018	0.926	0.042	0.014
0.038	0.022	0.006	0.934
0.382	0.034	0.576	0.008
0.134	0.05	0.1	0.716
0.0	0.038	0.946	0.016
0.022	0.142	0.06	0.776
0.064	0.044	0.82	0.072
0.096	0.684	0.074	0.146
0.236	0.36	0.09	0.314
