>FOXG1.H11FULL
0.358	0.152	0.185	0.305
0.15	0.111	0.121	0.617
0.033	0.036	0.03	0.901
0.102	0.02	0.858	0.02
0.0	0.003	0.009	0.987
0.0	0.0	0.232	0.768
0.003	0.0	0.093	0.904
0.688	0.164	0.108	0.04
0.04	0.353	0.025	0.582
0.309	0.096	0.292	0.303
0.191	0.071	0.119	0.619
0.366	0.057	0.178	0.398
0.062	0.055	0.02	0.864
0.314	0.04	0.316	0.33
0.049	0.075	0.088	0.788
0.239	0.055	0.079	0.628
0.083	0.134	0.197	0.586
