>MAFK.H11FULL
0.483	0.114	0.255	0.148
0.508	0.074	0.225	0.193
0.585	0.039	0.07	0.306
0.52	0.049	0.032	0.399
0.297	0.202	0.158	0.343
0.051	0.037	0.007	0.905
0.0	0.009	0.991	0.0
0.063	0.933	0.0	0.005
0.007	0.012	0.0	0.981
0.009	0.002	0.965	0.023
0.972	0.002	0.002	0.023
0.032	0.432	0.48	0.056
0.086	0.021	0.016	0.877
0.095	0.8	0.028	0.077
0.84	0.005	0.081	0.074
0.026	0.049	0.631	0.295
0.049	0.742	0.142	0.067
0.61	0.139	0.1	0.151
