>RFX5.H11FULL
0.19	0.218	0.478	0.114
0.128	0.16	0.23	0.482
0.132	0.534	0.184	0.15
0.49	0.21	0.196	0.104
0.09	0.334	0.35	0.226
0.08	0.574	0.114	0.232
0.256	0.068	0.21	0.466
0.02	0.012	0.96	0.008
0.01	0.08	0.054	0.856
0.09	0.134	0.016	0.76
0.15	0.044	0.694	0.112
0.024	0.906	0.008	0.062
0.016	0.434	0.02	0.53
0.626	0.016	0.334	0.024
0.128	0.036	0.646	0.19
0.05	0.056	0.87	0.024
0.142	0.394	0.314	0.15
0.532	0.156	0.21	0.102
0.308	0.108	0.52	0.064
0.55	0.148	0.22	0.082
