>ZNF317.H11FULL
0.176	0.044	0.743	0.037
0.749	0.048	0.152	0.051
0.389	0.226	0.11	0.275
0.171	0.059	0.127	0.642
0.303	0.031	0.53	0.136
0.815	0.066	0.064	0.055
0.011	0.914	0.013	0.062
0.769	0.022	0.075	0.134
0.154	0.022	0.78	0.044
0.132	0.789	0.026	0.053
0.411	0.042	0.042	0.505
0.077	0.007	0.899	0.018
0.949	0.013	0.02	0.018
0.031	0.644	0.02	0.305
0.13	0.053	0.033	0.785
0.108	0.092	0.07	0.73
0.116	0.574	0.042	0.268
0.066	0.105	0.088	0.741
0.097	0.589	0.13	0.185
0.688	0.103	0.11	0.099
