>ZNF680.H11FULL
0.084	0.654	0.036	0.227
0.612	0.045	0.311	0.032
0.058	0.372	0.071	0.498
0.307	0.023	0.657	0.013
0.285	0.123	0.11	0.482
0.061	0.89	0.0	0.049
0.045	0.919	0.013	0.023
0.984	0.0	0.01	0.006
0.608	0.019	0.35	0.023
0.006	0.01	0.981	0.003
0.977	0.006	0.003	0.013
0.916	0.0	0.081	0.003
0.107	0.01	0.877	0.006
0.984	0.0	0.013	0.003
0.799	0.049	0.032	0.12
0.003	0.029	0.023	0.945
0.214	0.045	0.592	0.149
0.939	0.013	0.019	0.029
0.078	0.0	0.916	0.006
0.071	0.029	0.867	0.032
