>ZNF708.H11FULL
0.17	0.134	0.579	0.117
0.206	0.448	0.22	0.125
0.237	0.499	0.15	0.114
0.212	0.189	0.109	0.49
0.582	0.167	0.12	0.131
0.56	0.075	0.245	0.12
0.203	0.131	0.201	0.465
0.599	0.17	0.15	0.081
0.649	0.084	0.237	0.031
0.276	0.036	0.546	0.142
0.153	0.312	0.259	0.276
0.936	0.0	0.042	0.022
0.008	0.003	0.983	0.006
0.017	0.042	0.93	0.011
0.036	0.421	0.006	0.538
0.944	0.022	0.025	0.008
0.006	0.872	0.019	0.103
0.922	0.006	0.061	0.011
0.039	0.006	0.947	0.008
0.084	0.836	0.025	0.056
